# Created by Octave 5.1.0, Thu Jan 02 00:30:30 2020 CET <msboss@msboss-hp>
# name: decoded_data
# type: global matrix
# rows: 1
# columns: 4096
 -0.74119980168567179 -0.78185423896876549 -0.71641051065939521 -0.71046108081308867 -0.78185423896876549 -0.77987109568666335 -0.80267724343083791 -0.7768963807635102 -0.72335151214675264 -0.80168567178978678 -0.77788795240456121 -0.76301437778879522 -0.75805651958353992 -0.7521070897372335 -0.80466038671294005 -0.80565195835399106 -0.75706494794248891 -0.72335151214675264 -0.75111551809618249 -0.72136836886465039 -0.74119980168567179 -0.70054536440257809 -0.7114526524541398 -0.77491323748140806 -0.76896380763510164 -0.74913237481408035 -0.79474467030242935 -0.75309866137828463 -0.75607337630143778 -0.73921665840356965 -0.78482895389191865 -0.78284581060981662 -0.74516608824987607 -0.68963807635101637 -0.71046108081308867 -0.67278135845314824 -0.7114526524541398 -0.71244422409519093 -0.6757560733763015 -0.72632622706990579 -0.69162121963311851 -0.72731779871095692 -0.75111551809618249 -0.7114526524541398 -0.73029251363411007 -0.73425880019831435 -0.80664352999504207 -0.74714923153197821 -0.77887952404561234 -0.70847793753098665 -0.75012394645513136 -0.72136836886465039 -0.72235994050570151 -0.71244422409519093 -0.70054536440257809 -0.78978681209717405 -0.76598909271194837 -0.71541893901834408 -0.70153693604362921 -0.71839365394149723 -0.72632622706990579 -0.71541893901834408 -0.74020823004462066 -0.75607337630143778 -0.67873078829945466 -0.7768963807635102 -0.70946950917203766 -0.79474467030242935 -0.79176995537927619 -0.78978681209717405 -0.77392166584035693 -0.82845810609816561 -0.74516608824987607 -0.86514625681705504 -0.74814080317302922 -0.81556767476450176 -0.82350024789291032 0.033217649975210817 0.46554288547347555 0.22954883490332167 0.21170054536440253 0.2662369856222111 0.38522558254833905 0.34159643034209219 0.22260783341596424 0.21170054536440253 0.24838869608329195 0.22161626177491334 0.2097174020823005 0.20773425880019825 0.18790282597917707 0.2305404065443728 0.18492811105602369 0.24838869608329195 0.24938026772434307 0.21269211700545365 0.23351512146752595 0.25532969757064938 0.37729300941993049 0.17897868120971738 0.26921170054536447 0.19881011403073878 0.21368368864650478 0.1750123946455131 0.24243926623698564 0.23351512146752595 0.14923153197818539 0.19682697074863653 0.21566683192860681 0.25235498264749623 0.20277640059494306 0.21368368864650478 0.14724838869608337 0.1750123946455131 0.18195339613287054 0.13237481408031737 0.22161626177491334 0.23847297967278136 0.22359940505701537 0.2097174020823005 0.22954883490332167 0.17897868120971738 0.17699553792761535 0.23549826474962821 0.28309370352007934 0.19087754090233022 0.22954883490332167 0.18591968269707482 0.21864154685175996 0.31879028259791764 0.28210213187902822 0.15220624690133855 0.21665840356965793 0.19286068418443225 0.15716410510659395 0.10461080813088741 0.26326227069905794 0.17798710956866626 0.14129895884977683 0.17203767972235995 0.19385225582548338 0.15121467526028765 0.19385225582548338 0.21665840356965793 0.16311353495290026 0.21864154685175996 0.15914724838869598 0.19286068418443225 0.16608824987605364 0.14328210213187909 0.22756569162121965 0.19980168567178969 0.15022310361923652 0.23153197818542393 0.24343083787803677 0.23450669310857708 0.21764997521070906 0.12543381259295994 0.18393653941497279 0.1750123946455131 0.23450669310857708 0.16212196331184936 0.21467526028755568 0.18195339613287054 0.10956866633614282 0.12543381259295994 0.18195339613287054 0.15220624690133855 0.19781854238968766 0.16509667823500251 0.23351512146752595 0.19286068418443225 0.16113039167079823 0.24243926623698564 0.16212196331184936 0.15617253346554283 0.20773425880019825 0.16509667823500251 0.14625681705503224 0.20079325731284081 0.17897868120971738 0.15220624690133855 0.18096182449181963 0.21864154685175996 0.1750123946455131 0.20872583044124937 0.20773425880019825 0.19682697074863653 0.16608824987605364 0.17600396628656423 0.16410510659395139 0.099652949925632228 0.20178482895389194 0.19087754090233022 0.15518096182449193 0.18889439762022797 0.11551809618244913 0.13534952900347053 0.12245909766980656 0.14823996033713427 0.14823996033713427 0.16608824987605364 0.088745661874070292 0.13733267228557255 0.16906296479920679 0.22359940505701537 0.17798710956866626 0.22954883490332167 0.17302925136341107 0.19682697074863653 0.22855726326227077 0.22855726326227077 0.22855726326227077 0.28507684680218137 0.26326227069905794 0.12146752602875566 0.16212196331184936 0.17302925136341107 0.13336638572136827 0.14129895884977683 0.16212196331184936 0.15220624690133855 0.12444224095190881 0.21665840356965793 0.18096182449181963 0.15617253346554283 0.15319781854238967 0.15022310361923652 0.21764997521070906 0.14129895884977683 0.20178482895389194 0.21864154685175996 0.21864154685175996 0.21170054536440253 0.20575111551809622 0.15617253346554283 0.16013882002974711 0.19087754090233022 0.18195339613287054 0.18790282597917707 0.2097174020823005 0.14427367377292999 0.14625681705503224 0.21963311849281109 0.27218641546851763 0.20277640059494306 0.15518096182449193 0.19980168567178969 0.2097174020823005 0.13534952900347053 0.18294496777392166 0.20575111551809622 0.17897868120971738 0.21170054536440253 0.12940009915716399 0.19980168567178969 0.22756569162121965 0.17798710956866626 0.19385225582548338 0.17897868120971738 0.17699553792761535 0.13832424392662368 0.21566683192860681 0.23153197818542393 0.17699553792761535 0.14229053049082796 0.16410510659395139 0.12345066931085769 0.15518096182449193 0.24541398116013879 0.24442240951908767 0.21269211700545365 0.1898859692612791 0.2097174020823005 0.16013882002974711 0.15716410510659395 0.22558254833911739 0.18790282597917707 0.16113039167079823 0.22161626177491334 0.22161626177491334 0.15716410510659395 0.17005453644025792 0.22756569162121965 0.17203767972235995 0.19186911254338135 0.18096182449181963 0.20475954387704509 0.14030738720872593 0.21566683192860681 0.2503718393653942 0.21566683192860681 0.21864154685175996 0.1898859692612791 0.14823996033713427 0.1750123946455131 0.15319781854238967 0.13634110064452165 0.16707982151710454 0.11948438274665341 0.23748140803173023 0.15022310361923652 0.19087754090233022 0.2097174020823005 0.25929598413485366 0.12444224095190881 0.18393653941497279 0.25235498264749623 0.14129895884977683 0.13039167079821512 0.21269211700545365 0.14526524541398111 0.20575111551809622 0.16509667823500251 0.1343579573624194 0.21566683192860681 0.18195339613287054 0.20376797223599397 0.25929598413485366 0.11750123946455138 0.17699553792761535 0.26722855726326222 0.20376797223599397 0.27020327218641538 0.26524541398116019 0.19087754090233022 0.19186911254338135 0.24739712444224105 0.28805156172533475 0.27912741695587506 0.15815567674764508 0.20376797223599397 0.17699553792761535 0.15617253346554283 0.21467526028755568 0.15319781854238967 0.20674268715914734 0.14129895884977683 0.24243926623698564 0.18195339613287054 0.21665840356965793 0.21269211700545365 0.20376797223599397 0.13832424392662368 0.13931581556767481 0.21665840356965793 0.22459097669806649 0.21764997521070906 0.21864154685175996 0.21665840356965793 0.25929598413485366 0.26326227069905794 0.20872583044124937 0.16707982151710454 0.21566683192860681 0.1135349529003471 0.29697570649479421 0.23450669310857708 0.24541398116013879 0.17997025285076851 0.23648983639067933 0.18096182449181963 0.15121467526028765 0.21070897372335162 0.16013882002974711 0.25235498264749623 0.18096182449181963 0.19980168567178969 0.22558254833911739 0.17104610808130882 0.21368368864650478 0.20674268715914734 0.28507684680218137 0.21665840356965793 0.26326227069905794 0.22756569162121965 0.1948438274665345 0.21467526028755568 0.26425384234010907 0.16410510659395139 0.20277640059494306 0.17104610808130882 0.2097174020823005 0.27218641546851763 0.20277640059494306 0.19980168567178969 0.22161626177491334 0.23946455131383249 0.27813584531482394 0.32275656916212192 