# Created by Octave 5.1.0, Thu Jan 02 00:35:33 2020 CET <msboss@msboss-hp>
# name: decoded_data
# type: global matrix
# rows: 1
# columns: 4096
 -0.71046108081308867 -0.71244422409519093 -0.70649479424888451 -0.70946950917203766 -0.72037679722359949 -0.70946950917203766 -0.70252850768468023 -0.70252850768468023 -0.70153693604362921 -0.71938522558254836 -0.7114526524541398 -0.69657907783837381 -0.7114526524541398 -0.70946950917203766 -0.70252850768468023 -0.70847793753098665 -0.70153693604362921 -0.68765493306891423 -0.70946950917203766 -0.71046108081308867 -0.70252850768468023 -0.69955379276152696 -0.70847793753098665 -0.71641051065939521 -0.70054536440257809 -0.69757064947942493 -0.70550322260783349 -0.69856222112047595 -0.7114526524541398 -0.71839365394149723 -0.71244422409519093 -0.7114526524541398 -0.70252850768468023 -0.69558750619732268 -0.70649479424888451 -0.68765493306891423 -0.70847793753098665 -0.71740208230044622 -0.70946950917203766 -0.71244422409519093 -0.68666336142786322 -0.69261279127416953 -0.70451165096678237 -0.70252850768468023 -0.70054536440257809 -0.69757064947942493 -0.70946950917203766 -0.7114526524541398 -0.69360436291522065 -0.69261279127416953 -0.69360436291522065 -0.70847793753098665 -0.69558750619732268 -0.68468021814576097 -0.71442736737729295 -0.69360436291522065 -0.71244422409519093 -0.70649479424888451 -0.68864650470996525 -0.69459593455627167 -0.70550322260783349 -0.70054536440257809 -0.69360436291522065 -0.69657907783837381 -0.69261279127416953 -0.68567178978681209 -0.68666336142786322 -0.69955379276152696 -0.70352007932573124 -0.71740208230044622 -0.71244422409519093 -0.70649479424888451 -0.72533465542885467 -0.72136836886465039 -0.70252850768468023 -0.71641051065939521 -0.76103123450669308 0.086762518591968263 0.52305404065443728 0.24442240951908767 0.23847297967278136 0.29300941993058993 0.29796727813584534 0.31680713931581561 0.30292513634110074 0.2910262766484879 0.26326227069905794 0.27615270203272191 0.25731284085275163 0.28507684680218137 0.29201784828953903 0.2860684184432325 0.28309370352007934 0.27416955875061966 0.29003470500743678 0.27813584531482394 0.27714427367377303 0.27912741695587506 0.2662369856222111 0.27020327218641538 0.26822012890431335 0.25235498264749623 0.28111056023797709 0.27912741695587506 0.29201784828953903 0.26822012890431335 0.27317798710956875 0.25334655428854735 0.25929598413485366 0.28507684680218137 0.25632126921170051 0.27416955875061966 0.27218641546851763 0.26127912741695591 0.2503718393653942 0.26921170054536447 0.27516113039167078 0.26722855726326222 0.28309370352007934 0.27813584531482394 0.26425384234010907 0.25929598413485366 0.27218641546851763 0.25433812592959848 0.25235498264749623 0.26524541398116019 0.27615270203272191 0.29300941993058993 0.2711948438274665 0.25235498264749623 0.24640555280118992 0.22954883490332167 0.26822012890431335 0.25334655428854735 0.2503718393653942 0.22359940505701537 0.26524541398116019 0.25433812592959848 0.24144769459593451 0.24343083787803677 0.24739712444224105 0.23847297967278136 0.24045612295488339 0.2503718393653942 0.23847297967278136 0.22756569162121965 0.23847297967278136 0.24045612295488339 0.22855726326227077 0.23748140803173023 0.23153197818542393 0.23450669310857708 0.22657411998016852 0.22855726326227077 0.2305404065443728 0.24343083787803677 0.23549826474962821 0.22459097669806649 0.22756569162121965 0.2305404065443728 0.23648983639067933 0.22756569162121965 0.21764997521070906 0.22062469013386221 0.22359940505701537 0.22558254833911739 0.22954883490332167 0.21764997521070906 0.22558254833911739 0.23153197818542393 0.21467526028755568 0.24144769459593451 0.22756569162121965 0.22459097669806649 0.2305404065443728 0.21467526028755568 0.22359940505701537 0.22062469013386221 0.22260783341596424 0.22062469013386221 0.21566683192860681 0.21269211700545365 0.23847297967278136 0.20872583044124937 0.2305404065443728 0.22756569162121965 0.22756569162121965 0.21368368864650478 0.22359940505701537 0.22260783341596424 0.23549826474962821 0.21467526028755568 0.21467526028755568 0.22260783341596424 0.21070897372335162 0.22459097669806649 0.21566683192860681 0.2097174020823005 0.21170054536440253 0.21070897372335162 0.21070897372335162 0.20773425880019825 0.21963311849281109 0.21764997521070906 0.20575111551809622 0.21269211700545365 0.22161626177491334 0.20773425880019825 0.21764997521070906 0.22954883490332167 0.23351512146752595 0.22855726326227077 0.23153197818542393 0.22756569162121965 0.21764997521070906 0.23153197818542393 0.21864154685175996 0.22657411998016852 0.2305404065443728 0.23252354982647505 0.22359940505701537 0.22260783341596424 0.21368368864650478 0.22062469013386221 0.21963311849281109 0.21864154685175996 0.22062469013386221 0.21566683192860681 0.21566683192860681 0.21665840356965793 0.22954883490332167 0.23648983639067933 0.20575111551809622 0.21566683192860681 0.2305404065443728 0.23450669310857708 0.21864154685175996 0.21764997521070906 0.22459097669806649 0.22359940505701537 0.22161626177491334 0.24442240951908767 0.21764997521070906 0.21368368864650478 0.21864154685175996 0.20674268715914734 0.20475954387704509 0.22558254833911739 0.22459097669806649 0.23153197818542393 0.22954883490332167 0.22855726326227077 0.21070897372335162 0.20872583044124937 0.22161626177491334 0.23450669310857708 0.22756569162121965 0.2097174020823005 0.22161626177491334 0.21665840356965793 0.24045612295488339 0.23252354982647505 0.20475954387704509 0.21170054536440253 0.23847297967278136 0.24144769459593451 0.21269211700545365 0.2503718393653942 0.23549826474962821 0.22558254833911739 0.23153197818542393 0.22855726326227077 0.24144769459593451 0.21665840356965793 0.22954883490332167 0.23946455131383249 0.24045612295488339 0.23252354982647505 0.22855726326227077 0.23648983639067933 0.24938026772434307 0.21764997521070906 0.25433812592959848 0.24243926623698564 0.24739712444224105 0.24541398116013879 0.23252354982647505 0.23946455131383249 0.23153197818542393 0.23153197818542393 0.22459097669806649 0.22855726326227077 0.22558254833911739 0.23450669310857708 0.23748140803173023 0.23252354982647505 0.24045612295488339 0.22657411998016852 0.24442240951908767 0.23450669310857708 0.24144769459593451 0.23847297967278136 0.2503718393653942 0.23847297967278136 0.23946455131383249 0.25433812592959848 0.24045612295488339 0.24938026772434307 0.23549826474962821 0.22359940505701537 0.25433812592959848 0.25433812592959848 0.25235498264749623 0.24938026772434307 0.24938026772434307 0.24640555280118992 0.25433812592959848 0.25136341100644533 0.24442240951908767 0.24541398116013879 0.24442240951908767 0.24442240951908767 0.24343083787803677 0.24739712444224105 0.2503718393653942 0.24739712444224105 0.24640555280118992 0.24739712444224105 0.24739712444224105 0.25731284085275163 0.24045612295488339 0.24739712444224105 0.24739712444224105 0.23648983639067933 0.25532969757064938 0.24938026772434307 0.24838869608329195 0.24343083787803677 0.24541398116013879 0.25532969757064938 0.25532969757064938 0.25136341100644533 0.25532969757064938 0.25731284085275163 0.26921170054536447 0.27615270203272191 0.26227069905800704 0.2503718393653942 0.26722855726326222 0.25433812592959848 0.26028755577590479 0.25235498264749623 0.25731284085275163 0.25334655428854735 0.26425384234010907 0.27218641546851763 0.26425384234010907 0.26722855726326222 0.26227069905800704 0.24442240951908767 0.25334655428854735 0.25235498264749623 0.26326227069905794 0.26524541398116019 0.26425384234010907 0.27020327218641538 0.26028755577590479 0.24343083787803677 0.26425384234010907 0.27516113039167078 0.25731284085275163 0.27218641546851763 0.26822012890431335 0.27714427367377303 0.25632126921170051 0.26524541398116019 0.26921170054536447 0.26524541398116019 0.24343083787803677 0.25830441249380276 0.25731284085275163 0.25929598413485366 0.26326227069905794 0.2711948438274665 0.26921170054536447 0.24442240951908767 0.26722855726326222 0.26127912741695591 0.26524541398116019 0.27714427367377303 