# Created by Octave 5.1.0, Thu Jan 02 00:33:56 2020 CET <msboss@msboss-hp>
# name: decoded_data
# type: global matrix
# rows: 1
# columns: 4096
 -0.69955379276152696 -0.68666336142786322 -0.71244422409519093 -0.6906296479920675 -0.70054536440257809 -0.70352007932573124 -0.69558750619732268 -0.67972235994050578 -0.69459593455627167 -0.71541893901834408 -0.68963807635101637 -0.71442736737729295 -0.68071393158155669 -0.6757560733763015 -0.69657907783837381 -0.67278135845314824 -0.71046108081308867 -0.66484878532473979 -0.70847793753098665 -0.69459593455627167 -0.70153693604362921 -0.65493306891422898 -0.70352007932573124 -0.69261279127416953 -0.65195835399107582 -0.67178978681209722 -0.68468021814576097 -0.71442736737729295 -0.72632622706990579 -0.6906296479920675 -0.72235994050570151 -0.67873078829945466 -0.70352007932573124 -0.68765493306891423 -0.70153693604362921 -0.68963807635101637 -0.68765493306891423 -0.72136836886465039 -0.69657907783837381 -0.64898363906792267 -0.71046108081308867 -0.66683192860684182 -0.68567178978681209 -0.72434308378780365 -0.70054536440257809 -0.71541893901834408 -0.71343579573624194 -0.70748636588993552 -0.73029251363411007 -0.65195835399107582 -0.71244422409519093 -0.72136836886465039 -0.70550322260783349 -0.67873078829945466 -0.70252850768468023 -0.67674764501735252 -0.73525037183936537 -0.67476450173525038 -0.6707982151710461 -0.67476450173525038 -0.6707982151710461 -0.71244422409519093 -0.68666336142786322 -0.68170550322260781 -0.73525037183936537 -0.70550322260783349 -0.66683192860684182 -0.67278135845314824 -0.70550322260783349 -0.71343579573624194 -0.70550322260783349 -0.69657907783837381 -0.71740208230044622 -0.71442736737729295 -0.70847793753098665 -0.67674764501735252 -0.77491323748140806 0.11750123946455138 0.58453148239960329 0.26028755577590479 0.26227069905800704 0.30391670798215165 0.35845314823996044 0.36341100644521562 0.33663857213683679 0.28111056023797709 0.24442240951908767 0.25731284085275163 0.28705999008428362 0.31184928111056021 0.32374814080317305 0.29995042141794737 0.28805156172533475 0.29003470500743678 0.33763014377788791 0.3058998512642539 0.29300941993058993 0.2662369856222111 0.27020327218641538 0.30788299454635593 0.28904313336638565 0.28309370352007934 0.28309370352007934 0.28309370352007934 0.29003470500743678 0.30490827962320277 0.29300941993058993 0.33763014377788791 0.28507684680218137 0.29895884977689646 0.2503718393653942 0.27020327218641538 0.28111056023797709 0.28111056023797709 0.25830441249380276 0.28904313336638565 0.31284085275161133 0.2910262766484879 0.27813584531482394 0.26524541398116019 0.28805156172533475 0.24838869608329195 0.25433812592959848 0.29598413485374309 0.2860684184432325 0.27813584531482394 0.27714427367377303 0.31085770946950908 0.29400099157164106 0.27218641546851763 0.2860684184432325 0.2503718393653942 0.26028755577590479 0.26524541398116019 0.23450669310857708 0.23946455131383249 0.29598413485374309 0.24541398116013879 0.27416955875061966 0.24838869608329195 0.26028755577590479 0.23748140803173023 0.24739712444224105 0.23153197818542393 0.26524541398116019 0.26921170054536447 0.2097174020823005 0.21070897372335162 0.25731284085275163 0.24442240951908767 0.23648983639067933 0.24541398116013879 0.2503718393653942 0.22062469013386221 0.24938026772434307 0.22459097669806649 0.23351512146752595 0.21864154685175996 0.19881011403073878 0.22062469013386221 0.27218641546851763 0.27516113039167078 0.25433812592959848 0.23748140803173023 0.21368368864650478 0.20773425880019825 0.24343083787803677 0.20277640059494306 0.24442240951908767 0.23153197818542393 0.20376797223599397 0.19583539910758563 0.20773425880019825 0.23549826474962821 0.20277640059494306 0.21269211700545365 0.26127912741695591 0.21070897372335162 0.25830441249380276 0.22855726326227077 0.18691125433812594 0.25830441249380276 0.22855726326227077 0.24640555280118992 0.25830441249380276 0.19881011403073878 0.19682697074863653 0.21665840356965793 0.24045612295488339 0.22657411998016852 0.23351512146752595 0.20475954387704509 0.21269211700545365 0.20773425880019825 0.20376797223599397 0.21665840356965793 0.21368368864650478 0.21963311849281109 0.24144769459593451 0.21269211700545365 0.23946455131383249 0.22161626177491334 0.25235498264749623 0.22558254833911739 0.24243926623698564 0.24541398116013879 0.21566683192860681 0.18195339613287054 0.18889439762022797 0.27912741695587506 0.24838869608329195 0.22161626177491334 0.24838869608329195 0.24144769459593451 0.22062469013386221 0.24045612295488339 0.23748140803173023 0.22855726326227077 0.23648983639067933 0.25334655428854735 0.21963311849281109 0.23252354982647505 0.23847297967278136 0.24938026772434307 0.18691125433812594 0.18492811105602369 0.2305404065443728 0.22459097669806649 0.20277640059494306 0.20277640059494306 0.22459097669806649 0.20178482895389194 0.22756569162121965 0.26028755577590479 0.19583539910758563 0.2097174020823005 0.20575111551809622 0.24442240951908767 0.20475954387704509 0.23847297967278136 0.22657411998016852 0.25136341100644533 0.25334655428854735 0.18294496777392166 0.2305404065443728 0.20475954387704509 0.20674268715914734 0.20376797223599397 0.22657411998016852 0.23946455131383249 0.20475954387704509 0.2097174020823005 0.20178482895389194 0.24243926623698564 0.24541398116013879 0.2503718393653942 0.19583539910758563 0.27020327218641538 0.2305404065443728 0.21963311849281109 0.24541398116013879 0.2305404065443728 0.22954883490332167 0.20475954387704509 0.23450669310857708 0.21665840356965793 0.26425384234010907 0.22558254833911739 0.18889439762022797 0.20773425880019825 0.22855726326227077 0.19980168567178969 0.25235498264749623 0.21764997521070906 0.26822012890431335 0.24243926623698564 0.25731284085275163 0.2305404065443728 0.26127912741695591 0.25532969757064938 0.21864154685175996 0.21467526028755568 0.23153197818542393 0.2711948438274665 0.24938026772434307 0.22954883490332167 0.26921170054536447 0.22161626177491334 0.24144769459593451 0.24144769459593451 0.20872583044124937 0.22359940505701537 0.26227069905800704 0.25929598413485366 0.23549826474962821 0.26326227069905794 0.23946455131383249 0.22756569162121965 0.22459097669806649 0.2305404065443728 0.27714427367377303 0.2860684184432325 0.24343083787803677 0.22558254833911739 0.1948438274665345 0.2662369856222111 0.27020327218641538 0.24442240951908767 0.22756569162121965 0.24144769459593451 0.21170054536440253 0.24938026772434307 0.25731284085275163 0.25433812592959848 0.26127912741695591 0.24838869608329195 0.22855726326227077 0.22161626177491334 0.2662369856222111 0.23748140803173023 0.25731284085275163 0.26326227069905794 0.24838869608329195 0.21269211700545365 0.24739712444224105 0.23847297967278136 0.2662369856222111 0.2662369856222111 0.23748140803173023 0.27615270203272191 0.25632126921170051 0.26326227069905794 0.26921170054536447 0.28904313336638565 0.22558254833911739 0.26326227069905794 0.27615270203272191 0.26722855726326222 0.26326227069905794 0.25929598413485366 0.26722855726326222 0.25532969757064938 0.26028755577590479 0.26921170054536447 0.25532969757064938 0.26921170054536447 0.23648983639067933 0.24541398116013879 0.2711948438274665 0.26127912741695591 0.2711948438274665 0.23748140803173023 0.26127912741695591 0.27218641546851763 0.27317798710956875 0.22359940505701537 0.21963311849281109 0.25334655428854735 0.2503718393653942 0.20277640059494306 0.2711948438274665 0.26822012890431335 0.27218641546851763 0.23450669310857708 0.27516113039167078 0.23153197818542393 0.27516113039167078 0.25532969757064938 0.24442240951908767 0.23946455131383249 0.26326227069905794 0.27714427367377303 0.24442240951908767 0.26326227069905794 0.28705999008428362 0.25929598413485366 0.26921170054536447 0.28111056023797709 0.28904313336638565 0.23648983639067933 0.24045612295488339 0.28111056023797709 0.25532969757064938 0.26227069905800704 0.2910262766484879 0.29598413485374309 0.24442240951908767 0.28111056023797709 0.28507684680218137 0.22062469013386221 