# Created by Octave 5.1.0, Thu Jan 02 00:39:53 2020 CET <msboss@msboss-hp>
# name: decoded_data
# type: global matrix
# rows: 1
# columns: 4096
 -0.67674764501735252 -0.68368864650470995 -0.67972235994050578 -0.67972235994050578 -0.67773921665840353 -0.68666336142786322 -0.68765493306891423 -0.68071393158155669 -0.68269707486365894 -0.68567178978681209 -0.68071393158155669 -0.68269707486365894 -0.68071393158155669 -0.68368864650470995 -0.67972235994050578 -0.68765493306891423 -0.6707982151710461 -0.68368864650470995 -0.66980664352999497 -0.67873078829945466 -0.68765493306891423 -0.67476450173525038 -0.68864650470996525 -0.68071393158155669 -0.67377293009419925 -0.66980664352999497 -0.67476450173525038 -0.67476450173525038 -0.67972235994050578 -0.69360436291522065 -0.67377293009419925 -0.68567178978681209 -0.68468021814576097 -0.67476450173525038 -0.67674764501735252 -0.67476450173525038 -0.67476450173525038 -0.67377293009419925 -0.67972235994050578 -0.67873078829945466 -0.67377293009419925 -0.67972235994050578 -0.67972235994050578 -0.68269707486365894 -0.68170550322260781 -0.68368864650470995 -0.66881507188894396 -0.67674764501735252 -0.67178978681209722 -0.67476450173525038 -0.67278135845314824 -0.68170550322260781 -0.6707982151710461 -0.67773921665840353 -0.6707982151710461 -0.67476450173525038 -0.67377293009419925 -0.68269707486365894 -0.67674764501735252 -0.67178978681209722 -0.66881507188894396 -0.67278135845314824 -0.68765493306891423 -0.66881507188894396 -0.67278135845314824 -0.66484878532473979 -0.67278135845314824 -0.6658403569657908 -0.67873078829945466 -0.69162121963311851 -0.69757064947942493 -0.69757064947942493 -0.68468021814576097 -0.68963807635101637 -0.68567178978681209 -0.68071393158155669 -0.75111551809618249 0.099652949925632228 0.55676747645017355 0.28210213187902822 0.2662369856222111 0.31284085275161133 0.33564700049578589 0.34952900347050075 0.32473971244422417 0.28705999008428362 0.27317798710956875 0.27020327218641538 0.28507684680218137 0.29598413485374309 0.30391670798215165 0.31680713931581561 0.31581556767476449 0.30292513634110074 0.29697570649479421 0.30292513634110074 0.29895884977689646 0.29400099157164106 0.29697570649479421 0.3068914229053048 0.30292513634110074 0.29895884977689646 0.29598413485374309 0.3068914229053048 0.29697570649479421 0.30788299454635593 0.31085770946950908 0.30490827962320277 0.30788299454635593 0.30292513634110074 0.29003470500743678 0.28805156172533475 0.29796727813584534 0.29003470500743678 0.29300941993058993 0.29003470500743678 0.29499256321269218 0.29400099157164106 0.29300941993058993 0.29400099157164106 0.29796727813584534 0.29300941993058993 0.29697570649479421 0.2860684184432325 0.29003470500743678 0.2910262766484879 0.28507684680218137 0.30193356470004962 0.29003470500743678 0.28210213187902822 0.28408527516113047 0.28507684680218137 0.28210213187902822 0.27714427367377303 0.27714427367377303 0.2711948438274665 0.27714427367377303 0.26822012890431335 0.28011898859692619 0.27218641546851763 0.26921170054536447 0.2711948438274665 0.26425384234010907 0.26028755577590479 0.27020327218641538 0.25731284085275163 0.2662369856222111 0.26822012890431335 0.26227069905800704 0.26028755577590479 0.26326227069905794 0.26524541398116019 0.26326227069905794 0.25632126921170051 0.25731284085275163 0.25731284085275163 0.25830441249380276 0.25235498264749623 0.25433812592959848 0.26028755577590479 0.25136341100644533 0.25731284085275163 0.25632126921170051 0.25731284085275163 0.25731284085275163 0.24739712444224105 0.25433812592959848 0.26524541398116019 0.25632126921170051 0.24541398116013879 0.2503718393653942 0.2503718393653942 0.24343083787803677 0.25830441249380276 0.24938026772434307 0.25433812592959848 0.25334655428854735 0.24343083787803677 0.24442240951908767 0.24243926623698564 0.24243926623698564 0.25433812592959848 0.24640555280118992 0.24838869608329195 0.24541398116013879 0.24739712444224105 0.23351512146752595 0.24838869608329195 0.24144769459593451 0.24045612295488339 0.24343083787803677 0.24144769459593451 0.24541398116013879 0.23549826474962821 0.23153197818542393 0.24243926623698564 0.24045612295488339 0.24739712444224105 0.24442240951908767 0.23946455131383249 0.24045612295488339 0.23748140803173023 0.24640555280118992 0.23450669310857708 0.23748140803173023 0.23450669310857708 0.23946455131383249 0.24739712444224105 0.24838869608329195 0.26227069905800704 0.24938026772434307 0.25731284085275163 0.26425384234010907 0.26028755577590479 0.25235498264749623 0.25929598413485366 0.25334655428854735 0.25136341100644533 0.25136341100644533 0.25334655428854735 0.24343083787803677 0.24938026772434307 0.24938026772434307 0.24938026772434307 0.25433812592959848 0.25136341100644533 0.25334655428854735 0.24144769459593451 0.24243926623698564 0.2503718393653942 0.24343083787803677 0.25334655428854735 0.25235498264749623 0.25731284085275163 0.25433812592959848 0.24640555280118992 0.24739712444224105 0.24243926623698564 0.23847297967278136 0.25235498264749623 0.25334655428854735 0.24739712444224105 0.24938026772434307 0.25433812592959848 0.25235498264749623 0.24640555280118992 0.25731284085275163 0.25929598413485366 0.25830441249380276 0.25235498264749623 0.25334655428854735 0.25731284085275163 0.25731284085275163 0.25334655428854735 0.25235498264749623 0.25334655428854735 0.26028755577590479 0.26028755577590479 0.26227069905800704 0.26227069905800704 0.25731284085275163 0.25632126921170051 0.24938026772434307 0.2662369856222111 0.25929598413485366 0.25632126921170051 0.26227069905800704 0.24938026772434307 0.25632126921170051 0.25830441249380276 0.25929598413485366 0.25929598413485366 0.25632126921170051 0.26326227069905794 0.26028755577590479 0.26425384234010907 0.26524541398116019 0.25929598413485366 0.26227069905800704 0.25731284085275163 0.26326227069905794 0.26822012890431335 0.26028755577590479 0.27317798710956875 0.25532969757064938 0.25731284085275163 0.2662369856222111 0.27218641546851763 0.26921170054536447 0.25532969757064938 0.2662369856222111 0.26722855726326222 0.27317798710956875 0.26227069905800704 0.27416955875061966 0.26524541398116019 0.26425384234010907 0.26722855726326222 0.26524541398116019 0.26921170054536447 0.26921170054536447 0.27218641546851763 0.27416955875061966 0.26921170054536447 0.27416955875061966 0.26326227069905794 0.2662369856222111 0.2662369856222111 0.27218641546851763 0.27218641546851763 0.26425384234010907 0.27317798710956875 0.2711948438274665 0.2711948438274665 0.27516113039167078 0.26921170054536447 0.27317798710956875 0.28210213187902822 0.26425384234010907 0.2711948438274665 0.27516113039167078 0.27813584531482394 0.26921170054536447 0.27516113039167078 0.28011898859692619 0.2662369856222111 0.28210213187902822 0.27218641546851763 0.28309370352007934 0.28210213187902822 0.27020327218641538 0.27813584531482394 0.28210213187902822 0.27317798710956875 0.28011898859692619 0.27020327218641538 0.27218641546851763 0.28210213187902822 0.27615270203272191 0.28805156172533475 0.27813584531482394 0.27813584531482394 0.28507684680218137 0.28210213187902822 0.29003470500743678 0.27912741695587506 0.27218641546851763 0.27912741695587506 0.2860684184432325 0.27516113039167078 0.28111056023797709 0.27615270203272191 0.2860684184432325 0.29003470500743678 0.28309370352007934 0.29300941993058993 0.28507684680218137 0.28309370352007934 0.29499256321269218 0.28507684680218137 0.29201784828953903 0.27714427367377303 0.28507684680218137 0.28408527516113047 0.28111056023797709 0.28705999008428362 0.28210213187902822 0.28507684680218137 0.28011898859692619 0.27813584531482394 0.27912741695587506 0.28408527516113047 0.28904313336638565 0.28705999008428362 0.29499256321269218 0.29400099157164106 0.28805156172533475 0.28904313336638565 0.2860684184432325 0.28805156172533475 0.29499256321269218 0.28507684680218137 0.28705999008428362 0.29995042141794737 0.29201784828953903 0.29697570649479421 0.29201784828953903 0.29300941993058993 0.29003470500743678 0.29598413485374309 