# Created by Octave 5.1.0, Thu Jan 02 00:33:22 2020 CET <msboss@msboss-hp>
# name: decoded_data
# type: global matrix
# rows: 1
# columns: 4096
 -0.67377293009419925 -0.69657907783837381 -0.73227565691621221 -0.68170550322260781 -0.71343579573624194 -0.66683192860684182 -0.69459593455627167 -0.68963807635101637 -0.69955379276152696 -0.68567178978681209 -0.63906792265741208 -0.66782350024789294 -0.68567178978681209 -0.6707982151710461 -0.71442736737729295 -0.69955379276152696 -0.62915220624690127 -0.70252850768468023 -0.71938522558254836 -0.65294992563212695 -0.69955379276152696 -0.77392166584035693 -0.68269707486365894 -0.76301437778879522 -0.68765493306891423 -0.72235994050570151 -0.69360436291522065 -0.70352007932573124 -0.70153693604362921 -0.69657907783837381 -0.67377293009419925 -0.68666336142786322 -0.68864650470996525 -0.69162121963311851 -0.71740208230044622 -0.74814080317302922 -0.69162121963311851 -0.67773921665840353 -0.71740208230044622 -0.71641051065939521 -0.70252850768468023 -0.66385721368368866 -0.68468021814576097 -0.72434308378780365 -0.70946950917203766 -0.67972235994050578 -0.71839365394149723 -0.68468021814576097 -0.69162121963311851 -0.73029251363411007 -0.70946950917203766 -0.68468021814576097 -0.68269707486365894 -0.67773921665840353 -0.6757560733763015 -0.75508180466038666 -0.69955379276152696 -0.69459593455627167 -0.68269707486365894 -0.66187407040158652 -0.68170550322260781 -0.62221120475954383 -0.71244422409519093 -0.6906296479920675 -0.68269707486365894 -0.6658403569657908 -0.67674764501735252 -0.66782350024789294 -0.69856222112047595 -0.70252850768468023 -0.74615765989092719 -0.68567178978681209 -0.65493306891422898 -0.7312840852751612 -0.66385721368368866 -0.73525037183936537 -0.71244422409519093 0.084779375309866234 0.50024789291026273 0.27813584531482394 0.28904313336638565 0.29895884977689646 0.32176499752107079 0.37134357957362418 0.30193356470004962 0.25830441249380276 0.27912741695587506 0.2662369856222111 0.25235498264749623 0.29995042141794737 0.30391670798215165 0.25334655428854735 0.27714427367377303 0.32573128408527507 0.27516113039167078 0.30391670798215165 0.3068914229053048 0.28210213187902822 0.27317798710956875 0.30193356470004962 0.29300941993058993 0.30490827962320277 0.25235498264749623 0.31184928111056021 0.31284085275161133 0.25136341100644533 0.32473971244422417 0.28408527516113047 0.32771442736737733 0.31284085275161133 0.29796727813584534 0.31284085275161133 0.26921170054536447 0.29499256321269218 0.25235498264749623 0.29796727813584534 0.32969757064947935 0.29400099157164106 0.26921170054536447 0.27218641546851763 0.28309370352007934 0.24045612295488339 0.26425384234010907 0.30391670798215165 0.28507684680218137 0.33465542885473476 0.23450669310857708 0.27317798710956875 0.21963311849281109 0.2503718393653942 0.32176499752107079 0.25532969757064938 0.26326227069905794 0.29697570649479421 0.29300941993058993 0.25632126921170051 0.27813584531482394 0.28111056023797709 0.28705999008428362 0.25433812592959848 0.26822012890431335 0.25433812592959848 0.2305404065443728 0.24640555280118992 0.24739712444224105 0.27912741695587506 0.26822012890431335 0.24442240951908767 0.21864154685175996 0.24640555280118992 0.2662369856222111 0.28408527516113047 0.2711948438274665 0.21269211700545365 0.25433812592959848 0.24838869608329195 0.24144769459593451 0.23252354982647505 0.25830441249380276 0.26127912741695591 0.23648983639067933 0.22260783341596424 0.22359940505701537 0.21070897372335162 0.28705999008428362 0.2711948438274665 0.20872583044124937 0.26127912741695591 0.22756569162121965 0.21269211700545365 0.24045612295488339 0.20178482895389194 0.24144769459593451 0.28309370352007934 0.21170054536440253 0.24243926623698564 0.25632126921170051 0.22161626177491334 0.24739712444224105 0.24640555280118992 0.21963311849281109 0.22657411998016852 0.23450669310857708 0.27218641546851763 0.23648983639067933 0.23648983639067933 0.24343083787803677 0.23648983639067933 0.28210213187902822 0.21368368864650478 0.23450669310857708 0.18889439762022797 0.26722855726326222 0.2711948438274665 0.23946455131383249 0.31383242439266246 0.24739712444224105 0.23748140803173023 0.23252354982647505 0.1948438274665345 0.19781854238968766 0.25334655428854735 0.20872583044124937 0.21566683192860681 0.19781854238968766 0.22260783341596424 0.24343083787803677 0.24442240951908767 0.19385225582548338 0.26028755577590479 0.25929598413485366 0.23847297967278136 0.28309370352007934 0.23946455131383249 0.22062469013386221 0.24838869608329195 0.21864154685175996 0.21764997521070906 0.23748140803173023 0.26722855726326222 0.19385225582548338 0.23351512146752595 0.22359940505701537 0.20773425880019825 0.21566683192860681 0.22558254833911739 0.21665840356965793 0.21764997521070906 0.21368368864650478 0.22359940505701537 0.23847297967278136 0.25532969757064938 0.23648983639067933 0.22657411998016852 0.24144769459593451 0.22954883490332167 0.22657411998016852 0.19583539910758563 0.21269211700545365 0.21170054536440253 0.17997025285076851 0.22558254833911739 0.24640555280118992 0.27218641546851763 0.20475954387704509 0.2305404065443728 0.23946455131383249 0.17997025285076851 0.20575111551809622 0.22954883490332167 0.25235498264749623 0.19385225582548338 0.25830441249380276 0.25334655428854735 0.2097174020823005 0.25731284085275163 0.25433812592959848 0.23351512146752595 0.2305404065443728 0.25433812592959848 0.26127912741695591 0.23351512146752595 0.18096182449181963 0.28111056023797709 0.19583539910758563 0.23153197818542393 0.18591968269707482 0.21665840356965793 0.28309370352007934 0.2305404065443728 0.21070897372335162 0.28111056023797709 0.22657411998016852 0.22459097669806649 0.23946455131383249 0.27615270203272191 0.27813584531482394 0.2097174020823005 0.23351512146752595 0.21864154685175996 0.24243926623698564 0.24343083787803677 0.22756569162121965 0.27317798710956875 0.24739712444224105 0.24343083787803677 0.24838869608329195 0.22558254833911739 0.24243926623698564 0.19881011403073878 0.24938026772434307 0.26028755577590479 0.25334655428854735 0.27912741695587506 0.25632126921170051 0.23252354982647505 0.22855726326227077 0.19087754090233022 0.27714427367377303 0.27516113039167078 0.26822012890431335 0.22260783341596424 0.26524541398116019 0.25532969757064938 0.27416955875061966 0.18294496777392166 0.25632126921170051 0.25632126921170051 0.25929598413485366 0.20773425880019825 0.25731284085275163 0.3068914229053048 0.25632126921170051 0.23153197818542393 0.27218641546851763 0.25830441249380276 0.22260783341596424 0.29697570649479421 0.27516113039167078 0.27714427367377303 0.24243926623698564 0.24938026772434307 0.23748140803173023 0.25136341100644533 0.21070897372335162 0.22855726326227077 0.25136341100644533 0.25532969757064938 0.29598413485374309 0.27813584531482394 0.30292513634110074 0.24045612295488339 0.3068914229053048 0.22459097669806649 0.28805156172533475 0.27615270203272191 0.23946455131383249 0.20475954387704509 0.27416955875061966 0.29598413485374309 0.26425384234010907 0.24938026772434307 0.29697570649479421 0.27813584531482394 0.28111056023797709 0.26822012890431335 0.27317798710956875 0.26227069905800704 0.25334655428854735 0.26524541398116019 0.27516113039167078 0.26028755577590479 0.26028755577590479 0.21764997521070906 0.28705999008428362 0.2503718393653942 0.24838869608329195 0.2503718393653942 0.25830441249380276 0.24343083787803677 0.22954883490332167 0.2711948438274665 0.28705999008428362 0.27317798710956875 0.23351512146752595 0.24739712444224105 0.28309370352007934 0.26921170054536447 0.23252354982647505 0.27020327218641538 0.25632126921170051 0.25830441249380276 0.26028755577590479 0.25136341100644533 0.24739712444224105 0.29499256321269218 0.2711948438274665 0.29796727813584534 0.27516113039167078 0.26227069905800704 0.28210213187902822 0.27416955875061966 0.25136341100644533 0.25929598413485366 0.33465542885473476 0.28309370352007934 0.25929598413485366 0.30391670798215165 0.32473971244422417 0.28309370352007934 