# Created by Octave 5.1.0, Thu Jan 02 00:23:01 2020 CET <msboss@msboss-hp>
# name: decoded_data
# type: global matrix
# rows: 1
# columns: 4096
 -0.70847793753098665 -0.70946950917203766 -0.71343579573624194 -0.74417451660882494 -0.72037679722359949 -0.72434308378780365 -0.70748636588993552 -0.68071393158155669 -0.73525037183936537 -0.6707982151710461 -0.70847793753098665 -0.71442736737729295 -0.68567178978681209 -0.72533465542885467 -0.70153693604362921 -0.68368864650470995 -0.72235994050570151 -0.69162121963311851 -0.70847793753098665 -0.68368864650470995 -0.73822508676251863 -0.69757064947942493 -0.72434308378780365 -0.66881507188894396 -0.64303420922161625 -0.71541893901834408 -0.71541893901834408 -0.67972235994050578 -0.70550322260783349 -0.65394149727317796 -0.69558750619732268 -0.70847793753098665 -0.64105106593951411 -0.64700049578582053 -0.67773921665840353 -0.69261279127416953 -0.70054536440257809 -0.69558750619732268 -0.72235994050570151 -0.70946950917203766 -0.73227565691621221 -0.69558750619732268 -0.66286564204263754 -0.72830937035200793 -0.66187407040158652 -0.68468021814576097 -0.68468021814576097 -0.6559246405552801 -0.73326722855726323 -0.65889935547843326 -0.65691621219633123 -0.71839365394149723 -0.68170550322260781 -0.64600892414476951 -0.64700049578582053 -0.69955379276152696 -0.68170550322260781 -0.67278135845314824 -0.65394149727317796 -0.68269707486365894 -0.68269707486365894 -0.67377293009419925 -0.64501735250371839 -0.67972235994050578 -0.69657907783837381 -0.64105106593951411 -0.67873078829945466 -0.63411006445215667 -0.67377293009419925 -0.67873078829945466 -0.6707982151710461 -0.71839365394149723 -0.66881507188894396 -0.72930094199305895 -0.71343579573624194 -0.67377293009419925 -0.75607337630143778 0.095686663361427948 0.51809618244918187 0.26921170054536447 0.28904313336638565 0.28507684680218137 0.3267228557263262 0.35052057511155188 0.33862171541893904 0.27020327218641538 0.27912741695587506 0.30193356470004962 0.28507684680218137 0.30094199305899849 0.29400099157164106 0.27912741695587506 0.28408527516113047 0.29895884977689646 0.33961328705999017 0.35647000495785819 0.24838869608329195 0.29697570649479421 0.26326227069905794 0.25136341100644533 0.25136341100644533 0.26524541398116019 0.2860684184432325 0.29598413485374309 0.28408527516113047 0.27020327218641538 0.2910262766484879 0.27516113039167078 0.25532969757064938 0.29499256321269218 0.3058998512642539 0.26028755577590479 0.29598413485374309 0.30490827962320277 0.24045612295488339 0.30887456618740705 0.27020327218641538 0.32573128408527507 0.23450669310857708 0.32473971244422417 0.29201784828953903 0.23153197818542393 0.33068914229053048 0.3267228557263262 0.31184928111056021 0.28309370352007934 0.26127912741695591 0.30490827962320277 0.95537927615270202 1.3718393653941496 1.1973227565691622 1.2221120475954388 1.2865642042637582 1.224095190877541 1.1963311849281109 1.2350024789291028 1.2052553296975708 1.1983143282102131 1.2112047595438771 1.1298958849776897 1.1606346058502726 1.2191373326722856 1.2310361923648983 1.2201289043133365 1.2032721864154685 1.1695587506197325 1.1705503222607834 1.224095190877541 1.2201289043133365 1.2706990580069411 1.1903817550818045 1.1467526028755577 1.2092216162617748 1.2260783341596428 1.2092216162617748 1.182449181953396 1.2369856222112046 1.2389687654933068 1.2350024789291028 1.2439266236985622 1.28854734754586 1.2191373326722856 1.224095190877541 1.2112047595438771 1.2151710461080811 1.2429350520575113 1.1963311849281109 1.1646008924144771 1.2002974714923154 1.2270699058006942 1.1794744670302428 1.1745166088249874 1.2092216162617748 1.1874070401586514 1.1755081804660388 1.2350024789291028 1.2112047595438771 1.1715418939018343 1.1705503222607834 1.1685671789786811 1.1626177491323748 1.2191373326722856 1.1983143282102131 1.1973227565691622 1.1616261774913239 1.1764997521070897 1.1576598909271194 1.1834407535944473 1.2191373326722856 1.1854238968765491 1.1725334655428856 1.1764997521070897 1.1576598909271194 1.1764997521070897 1.1536936043629153 1.1893901834407536 1.1814576103123451 1.1774913237481406 1.2012890431333663 1.1249380267724343 1.1923648983639068 1.1705503222607834 1.1943480416460091 1.1883986117997027 1.1983143282102131 1.1507188894397622 1.2191373326722856 1.1705503222607834 1.1943480416460091 1.1933564700049577 1.1725334655428856 1.2488844819038176 1.2072384729796726 1.2062469013386217 1.1983143282102131 1.2151710461080811 1.2072384729796726 1.1725334655428856 1.1963311849281109 1.1883986117997027 1.1774913237481406 1.2082300446207239 1.1725334655428856 1.1804660386712942 1.2290530490827964 1.1814576103123451 1.1427863163113536 1.1279127416955874 1.182449181953396 1.2270699058006942 1.2002974714923154 1.1705503222607834 1.1893901834407536 1.1923648983639068 1.2072384729796726 1.1596430342092217 1.1487357461576599 1.1774913237481406 1.1616261774913239 1.1834407535944473 1.2250867625185919 1.2171541893901834 1.1804660386712942 1.1774913237481406 1.152702032721864 1.1834407535944473 1.1784828953891919 1.2290530490827964 1.1378284581060982 1.1715418939018343 1.1883986117997027 1.2131879028259793 1.1933564700049577 1.2112047595438771 1.1427863163113536 1.1814576103123451 1.1874070401586514 1.2211204759543879 1.2052553296975708 1.1864154685176005 1.1715418939018343 1.2131879028259793 1.1586514625681708 1.1616261774913239 1.2131879028259793 1.2171541893901834 1.1923648983639068 1.1933564700049577 1.152702032721864 1.2171541893901834 1.2062469013386217 1.1893901834407536 1.2300446207238473 1.1784828953891919 1.1279127416955874 1.2201289043133365 1.24194348041646 1.2112047595438771 1.1943480416460091 1.1913733267228559 1.2141794744670302 1.2002974714923154 1.2052553296975708 1.2161626177491325 1.2270699058006942 1.2191373326722856 1.2469013386217154 1.2062469013386217 1.2340109072880514 1.1507188894397622 1.135845314823996 1.2211204759543879 1.1854238968765491 1.1705503222607834 1.1903817550818045 1.2062469013386217 1.1507188894397622 1.2062469013386217 1.2429350520575113 1.1546851760039663 1.2300446207238473 1.253842340109073 1.1646008924144771 1.1883986117997027 1.2002974714923154 1.2379771938522559 1.271690629647992 1.2340109072880514 1.2320277640059496 1.2310361923648983 1.1903817550818045 1.2112047595438771 1.2072384729796726 1.253842340109073 1.2488844819038176 1.1923648983639068 1.2260783341596428 1.2181457610312343 1.2092216162617748 1.1874070401586514 1.2399603371343582 1.2270699058006942 1.2260783341596428 1.1646008924144771 1.1983143282102131 1.2568170550322262 1.2379771938522559 1.2221120475954388 1.1983143282102131 1.2270699058006942 1.2260783341596428 1.2568170550322262 1.1943480416460091 1.224095190877541 1.212196331184928 1.2350024789291028 1.1874070401586514 1.2012890431333663 1.2092216162617748 1.212196331184928 1.1636093207734257 1.2340109072880514 1.2320277640059496 1.2429350520575113 1.2022806147744176 1.2379771938522559 1.2191373326722856 1.2330193356470005 1.2449181953396131 1.2776400594942983 1.2290530490827964 1.2508676251859199 1.1923648983639068 1.2290530490827964 1.2369856222112046 1.2171541893901834 1.2250867625185919 1.2369856222112046 1.2439266236985622 1.1844323252354982 1.1903817550818045 1.224095190877541 1.2102131879028262 1.24194348041646 1.2320277640059496 1.1834407535944473 1.2280614774417451 1.2022806147744176 1.2786316311353496 1.2469013386217154 1.2171541893901834 1.253842340109073 1.1665840356965789 1.2102131879028262 1.2191373326722856 1.2092216162617748 1.2647496281606347 1.2518591968269708 1.212196331184928 1.224095190877541 1.2518591968269708 1.2201289043133365 1.2340109072880514 1.2508676251859199 1.2231036192364897 1.2161626177491325 1.2231036192364897 1.1883986117997027 1.2944967773921667 1.2459097669806645 1.2469013386217154 1.2379771938522559 1.212196331184928 1.2092216162617748 1.2032721864154685 1.2290530490827964 1.2052553296975708 1.1844323252354982 1.2062469013386217 1.2042637580565194 1.2151710461080811 1.1993058998512645 1.2290530490827964 1.2280614774417451 