# Created by Octave 5.1.0, Thu Jan 02 00:23:29 2020 CET <msboss@msboss-hp>
# name: decoded_data
# type: global matrix
# rows: 1
# columns: 4096
 -0.70550322260783349 -0.70252850768468023 -0.7114526524541398 -0.71938522558254836 -0.72235994050570151 -0.71541893901834408 -0.68468021814576097 -0.70649479424888451 -0.72434308378780365 -0.74219137332672291 -0.71938522558254836 -0.68963807635101637 -0.66980664352999497 -0.68567178978681209 -0.71839365394149723 -0.74417451660882494 -0.71740208230044622 -0.74219137332672291 -0.72037679722359949 -0.66484878532473979 -0.72136836886465039 -0.70550322260783349 -0.71541893901834408 -0.72335151214675264 -0.71740208230044622 -0.71839365394149723 -0.66385721368368866 -0.69558750619732268 -0.68269707486365894 -0.69757064947942493 -0.68765493306891423 -0.6906296479920675 -0.6757560733763015 -0.66385721368368866 -0.6757560733763015 -0.67377293009419925 -0.67674764501735252 -0.74516608824987607 -0.70550322260783349 -0.70550322260783349 -0.70748636588993552 -0.6707982151710461 -0.67873078829945466 -0.68071393158155669 -0.70748636588993552 -0.71541893901834408 -0.72930094199305895 -0.74516608824987607 -0.71343579573624194 -0.71046108081308867 -0.70252850768468023 -0.72533465542885467 -0.71343579573624194 -0.68963807635101637 -0.71046108081308867 -0.68666336142786322 -0.69657907783837381 -0.68963807635101637 -0.68963807635101637 -0.71938522558254836 -0.68170550322260781 -0.71839365394149723 -0.72235994050570151 -0.71541893901834408 -0.69162121963311851 -0.68765493306891423 -0.71442736737729295 -0.72136836886465039 -0.69459593455627167 -0.69657907783837381 -0.72731779871095692 -0.74417451660882494 -0.70946950917203766 -0.74615765989092719 -0.73624194348041638 -0.72235994050570151 -0.78284581060981662 0.079821517104610828 0.51313832424392669 0.22855726326227077 0.25929598413485366 0.28705999008428362 0.33366385721368363 0.36836886465047103 0.30094199305899849 0.23748140803173023 0.22855726326227077 0.23450669310857708 0.24144769459593451 0.30391670798215165 0.30490827962320277 0.31879028259791764 0.27218641546851763 0.29499256321269218 0.2711948438274665 0.2910262766484879 0.25532969757064938 0.24938026772434307 0.27615270203272191 0.30292513634110074 0.23648983639067933 0.28309370352007934 0.2910262766484879 0.27714427367377303 0.29003470500743678 0.25929598413485366 0.29995042141794737 0.31085770946950908 0.29499256321269218 0.26425384234010907 0.28805156172533475 0.29201784828953903 0.27813584531482394 0.28408527516113047 0.29995042141794737 0.28309370352007934 0.25929598413485366 0.27912741695587506 0.27416955875061966 0.26722855726326222 0.26822012890431335 0.30292513634110074 0.25334655428854735 0.26524541398116019 0.26722855726326222 0.27020327218641538 0.28011898859692619 0.28210213187902822 0.93852255825483399 1.3500247892910262 1.1973227565691622 1.224095190877541 1.2290530490827964 1.2161626177491325 1.2042637580565194 1.1814576103123451 1.2171541893901834 1.1764997521070897 1.2250867625185919 1.1963311849281109 1.2379771938522559 1.2201289043133365 1.2350024789291028 1.2032721864154685 1.2330193356470005 1.2062469013386217 1.1586514625681708 1.2181457610312343 1.2161626177491325 1.1774913237481406 1.2171541893901834 1.2171541893901834 1.1874070401586514 1.2072384729796726 1.1705503222607834 1.2181457610312343 1.1745166088249874 1.2300446207238473 1.224095190877541 1.2052553296975708 1.1804660386712942 1.212196331184928 1.2270699058006942 1.182449181953396 1.1725334655428856 1.1973227565691622 1.2330193356470005 1.2141794744670302 1.2102131879028262 1.2270699058006942 1.1764997521070897 1.2072384729796726 1.1725334655428856 1.1903817550818045 1.2112047595438771 1.2350024789291028 1.2260783341596428 1.1973227565691622 1.1834407535944473 1.1100644521566685 1.2131879028259793 1.1913733267228559 1.1705503222607834 1.1695587506197325 1.1675756073376302 1.1973227565691622 1.1804660386712942 1.1725334655428856 1.1764997521070897 1.1893901834407536 1.224095190877541 1.1913733267228559 1.1874070401586514 1.1764997521070897 1.1883986117997027 1.1715418939018343 1.1864154685176005 1.1705503222607834 1.1616261774913239 1.1755081804660388 1.1616261774913239 1.1983143282102131 1.182449181953396 1.1725334655428856 1.1735250371839365 1.1834407535944473 1.1646008924144771 1.2072384729796726 1.1764997521070897 1.1973227565691622 1.1784828953891919 1.1685671789786811 1.1854238968765491 1.1864154685176005 1.2161626177491325 1.2796232027764005 1.19533961328706 1.1735250371839365 1.1983143282102131 1.19533961328706 1.1626177491323748 1.2082300446207239 1.1596430342092217 1.1566683192860685 1.2131879028259793 1.1745166088249874 1.2290530490827964 1.1784828953891919 1.2310361923648983 1.1973227565691622 1.1467526028755577 1.1755081804660388 1.2102131879028262 1.1874070401586514 1.1556767476450172 1.1774913237481406 1.2012890431333663 1.1517104610808131 1.1844323252354982 1.1983143282102131 1.1933564700049577 1.1774913237481406 1.165592464055528 1.19533961328706 1.1844323252354982 1.1735250371839365 1.1576598909271194 1.1665840356965789 1.1963311849281109 1.1586514625681708 1.2082300446207239 1.1576598909271194 1.1705503222607834 1.1864154685176005 1.1983143282102131 1.1973227565691622 1.2221120475954388 1.2320277640059496 1.1715418939018343 1.1705503222607834 1.2062469013386217 1.2201289043133365 1.2350024789291028 1.1913733267228559 1.2062469013386217 1.2270699058006942 1.1715418939018343 1.1903817550818045 1.1725334655428856 1.1735250371839365 1.1745166088249874 1.1874070401586514 1.1784828953891919 1.1854238968765491 1.2310361923648983 1.1963311849281109 1.19533961328706 1.1893901834407536 1.1923648983639068 1.2280614774417451 1.1745166088249874 1.1774913237481406 1.2082300446207239 1.2102131879028262 1.2161626177491325 1.1874070401586514 1.1893901834407536 1.2171541893901834 1.1933564700049577 1.2102131879028262 1.2250867625185919 1.2102131879028262 1.2211204759543879 1.2359940505701537 1.2022806147744176 1.224095190877541 1.2211204759543879 1.2290530490827964 1.2052553296975708 1.2042637580565194 1.1814576103123451 1.2657411998016856 1.1804660386712942 1.2439266236985622 1.2320277640059496 1.19533961328706 1.2062469013386217 1.2310361923648983 1.212196331184928 1.2280614774417451 1.2290530490827964 1.224095190877541 1.2260783341596428 1.2092216162617748 1.2459097669806645 1.1983143282102131 1.1883986117997027 1.2171541893901834 1.2459097669806645 1.1983143282102131 1.1963311849281109 1.1933564700049577 1.2151710461080811 1.224095190877541 1.1923648983639068 1.2161626177491325 1.2379771938522559 1.1943480416460091 1.1923648983639068 1.2597917699553793 1.2042637580565194 1.2161626177491325 1.2350024789291028 1.2469013386217154 1.2221120475954388 1.2161626177491325 1.1933564700049577 1.212196331184928 1.2389687654933068 1.1923648983639068 1.2260783341596428 1.2548339117501239 1.2409519087754091 1.2409519087754091 1.212196331184928 1.2280614774417451 1.2677243430837879 1.1804660386712942 1.2161626177491325 1.2369856222112046 1.2578086266732771 1.2746653445711451 1.2350024789291028 1.2439266236985622 1.2409519087754091 1.2201289043133365 1.2429350520575113 1.2141794744670302 1.2201289043133365 1.2151710461080811 1.1814576103123451 1.2597917699553793 1.2369856222112046 1.2231036192364897 1.2191373326722856 1.1893901834407536 1.2191373326722856 1.1993058998512645 1.2151710461080811 1.2270699058006942 1.2300446207238473 1.2211204759543879 1.2221120475954388 1.2151710461080811 1.2449181953396131 1.2290530490827964 1.1963311849281109 1.24194348041646 1.2310361923648983 1.1973227565691622 1.2399603371343582 1.2290530490827964 1.2399603371343582 1.2270699058006942 1.2181457610312343 1.2330193356470005 1.2627664848785325 1.2806147744174519 1.2260783341596428 1.2112047595438771 1.2201289043133365 1.2151710461080811 1.2300446207238473 1.2369856222112046 1.2280614774417451 1.2399603371343582 1.2677243430837879 1.2409519087754091 1.2607833415964302 1.2439266236985622 1.2488844819038176 1.2508676251859199 1.2597917699553793 1.2399603371343582 