# Created by Octave 5.1.0, Thu Jan 02 00:22:17 2020 CET <msboss@msboss-hp>
# name: decoded_data
# type: global matrix
# rows: 1
# columns: 4096
 -0.65889935547843326 -0.74714923153197821 -0.68468021814576097 -0.70847793753098665 -0.73326722855726323 -0.73822508676251863 -0.74318294496777393 -0.69757064947942493 -0.69657907783837381 -0.66088249876053551 -0.76896380763510164 -0.72136836886465039 -0.70847793753098665 -0.7521070897372335 -0.60733763014377784 -0.69459593455627167 -0.64105106593951411 -0.74119980168567179 -0.70451165096678237 -0.65889935547843326 -0.74119980168567179 -0.75409023301933564 -0.67476450173525038 -0.64105106593951411 -0.74417451660882494 -0.70649479424888451 -0.73425880019831435 -0.71839365394149723 -0.74714923153197821 -0.7312840852751612 -0.66881507188894396 -0.75309866137828463 -0.66881507188894396 -0.70847793753098665 -0.74714923153197821 -0.76499752107089736 -0.70946950917203766 -0.71343579573624194 -0.67377293009419925 -0.67972235994050578 -0.66484878532473979 -0.68468021814576097 -0.66683192860684182 -0.65294992563212695 -0.70451165096678237 -0.72632622706990579 -0.76301437778879522 -0.75309866137828463 -0.67972235994050578 -0.76797223599405062 -0.74814080317302922 -0.70649479424888451 -0.66088249876053551 -0.69657907783837381 -0.74219137332672291 -0.71839365394149723 -0.78185423896876549 -0.71641051065939521 -0.73624194348041638 -0.73227565691621221 -0.73326722855726323 -0.66484878532473979 -0.69558750619732268 -0.72830937035200793 -0.7114526524541398 -0.73624194348041638 -0.76797223599405062 -0.70550322260783349 -0.75805651958353992 -0.77094695091720378 -0.74318294496777393 -0.72434308378780365 -0.63609320773425881 -0.74516608824987607 -0.68765493306891423 -0.73921665840356965 -0.74318294496777393 0.012394645513138292 0.48636588993554786 0.26524541398116019 0.21368368864650478 0.20575111551809622 0.2711948438274665 0.28904313336638565 0.36836886465047103 0.25830441249380276 0.16311353495290026 0.17600396628656423 0.29003470500743678 0.29796727813584534 0.27813584531482394 0.24938026772434307 0.29995042141794737 0.27416955875061966 0.23847297967278136 0.28309370352007934 0.29400099157164106 0.26921170054536447 0.24541398116013879 0.21368368864650478 0.25929598413485366 0.25136341100644533 0.21368368864650478 0.26127912741695591 0.20079325731284081 0.25632126921170051 0.20277640059494306 0.24838869608329195 0.22558254833911739 0.19881011403073878 0.31085770946950908 0.27416955875061966 0.24838869608329195 0.31879028259791764 0.30094199305899849 0.27218641546851763 0.18195339613287054 0.29995042141794737 0.25830441249380276 0.25136341100644533 0.31680713931581561 0.29796727813584534 0.27714427367377303 0.24442240951908767 0.29598413485374309 0.21269211700545365 0.29697570649479421 0.26326227069905794 0.96826970748636598 1.3857213683688645 1.1993058998512645 1.1983143282102131 1.2161626177491325 1.2449181953396131 1.2231036192364897 1.2250867625185919 1.2469013386217154 1.24194348041646 1.2350024789291028 1.1427863163113536 1.1715418939018343 1.2250867625185919 1.2191373326722856 1.2627664848785325 1.2221120475954388 1.1943480416460091 1.253842340109073 1.2072384729796726 1.2280614774417451 1.1933564700049577 1.1784828953891919 1.212196331184928 1.1675756073376302 1.1646008924144771 1.2211204759543879 1.1973227565691622 1.1715418939018343 1.2409519087754091 1.1913733267228559 1.1864154685176005 1.1566683192860685 1.2022806147744176 1.1755081804660388 1.2340109072880514 1.1993058998512645 1.1903817550818045 1.1735250371839365 1.253842340109073 1.1933564700049577 1.182449181953396 1.2092216162617748 1.1874070401586514 1.2112047595438771 1.2062469013386217 1.2221120475954388 1.1596430342092217 1.1467526028755577 1.1695587506197325 1.0862667327714428 1.2161626177491325 1.2221120475954388 1.1239464551313834 1.0981655924640554 1.1586514625681708 1.1586514625681708 1.1774913237481406 1.1398116013882005 1.1487357461576599 1.152702032721864 1.1636093207734257 1.1883986117997027 1.1616261774913239 1.1556767476450172 1.1001487357461577 1.1417947446703023 1.1586514625681708 1.1408031730292514 1.1219633118492811 1.1239464551313834 1.1437778879524045 1.0902330193356469 1.0961824491819532 1.1140307387208725 1.0981655924640554 1.1675756073376302 1.1636093207734257 1.1913733267228559 1.1179970252850771 1.1546851760039663 1.2726822012890433 1.2350024789291028 1.2330193356470005 1.2498760535448685 1.2280614774417451 1.2112047595438771 1.1378284581060982 1.2112047595438771 1.1764997521070897 1.1963311849281109 1.2439266236985622 1.118988596926128 1.2250867625185919 1.1745166088249874 1.2112047595438771 1.152702032721864 1.1973227565691622 1.1636093207734257 1.1943480416460091 1.212196331184928 1.122954883490332 1.1735250371839365 1.1973227565691622 1.2290530490827964 1.2280614774417451 1.1408031730292514 1.1883986117997027 1.182449181953396 1.1556767476450172 1.1735250371839365 1.2439266236985622 1.182449181953396 1.2012890431333663 1.1100644521566685 1.2072384729796726 1.1883986117997027 1.2330193356470005 1.0882498760535451 1.258800198314328 1.1695587506197325 1.1517104610808131 1.2171541893901834 1.1864154685176005 1.1814576103123451 1.2558254833911748 1.1844323252354982 1.1705503222607834 1.147744174516609 1.2062469013386217 1.1566683192860685 1.1745166088249874 1.1973227565691622 1.2617749132374816 1.1675756073376302 1.1497273177987108 1.2855726326227068 1.1784828953891919 1.2191373326722856 1.1814576103123451 1.1675756073376302 1.2379771938522559 1.2092216162617748 1.2102131879028262 1.1269211700545365 1.2191373326722856 1.1903817550818045 1.1874070401586514 1.2647496281606347 1.2488844819038176 1.1556767476450172 1.1993058998512645 1.1745166088249874 1.1626177491323748 1.2627664848785325 1.224095190877541 1.0971740208230045 1.19533961328706 1.1874070401586514 1.1874070401586514 1.2488844819038176 1.1725334655428856 1.2389687654933068 1.2032721864154685 1.1576598909271194 1.0832920178482897 1.1874070401586514 1.224095190877541 1.2221120475954388 1.2181457610312343 1.1606346058502726 1.1536936043629153 1.2231036192364897 1.2270699058006942 1.1497273177987108 1.1338621715418937 1.2320277640059496 1.1943480416460091 1.1864154685176005 1.1854238968765491 1.2439266236985622 1.135845314823996 1.2260783341596428 1.1883986117997027 1.1774913237481406 1.1963311849281109 1.2260783341596428 1.2617749132374816 1.2627664848785325 1.2964799206742685 1.2022806147744176 1.2102131879028262 1.2260783341596428 1.2260783341596428 1.2161626177491325 1.224095190877541 1.122954883490332 1.2825979176995537 1.2231036192364897 1.2300446207238473 1.2816063460585028 1.2221120475954388 1.2429350520575113 1.1983143282102131 1.2260783341596428 1.2627664848785325 1.2845810609816559 1.2002974714923154 1.1755081804660388 1.1606346058502726 1.147744174516609 1.212196331184928 1.253842340109073 1.1814576103123451 1.2002974714923154 1.2459097669806645 1.1933564700049577 1.2786316311353496 1.2141794744670302 1.2657411998016856 1.2290530490827964 1.2012890431333663 1.2508676251859199 1.2042637580565194 1.2161626177491325 1.2002974714923154 1.2042637580565194 1.1854238968765491 1.2518591968269708 1.2330193356470005 1.2469013386217154 1.1725334655428856 1.2221120475954388 1.1546851760039663 1.2231036192364897 1.1417947446703023 1.1556767476450172 1.2409519087754091 1.2112047595438771 1.2429350520575113 1.2102131879028262 1.3034209221616262 1.2548339117501239 1.2151710461080811 1.24194348041646 1.2756569162121965 1.2478929102627663 1.2558254833911748 1.2260783341596428 1.2191373326722856 1.2766484878532474 1.2260783341596428 1.2518591968269708 1.2350024789291028 1.283589489340605 1.2855726326227068 1.2350024789291028 1.2766484878532474 1.2558254833911748 1.1715418939018343 1.2915220624690136 1.1804660386712942 1.3381259295984136 1.1943480416460091 1.2607833415964302 1.2488844819038176 1.2231036192364897 1.2340109072880514 1.2578086266732771 1.1606346058502726 1.2399603371343582 1.2875557759048091 1.2954883490332176 1.2875557759048091 1.1893901834407536 1.2954883490332176 