# Created by Octave 5.1.0, Thu Jan 02 00:24:09 2020 CET <msboss@msboss-hp>
# name: decoded_data
# type: global matrix
# rows: 1
# columns: 4096
 -0.72037679722359949 -0.70649479424888451 -0.71740208230044622 -0.72136836886465039 -0.73822508676251863 -0.73822508676251863 -0.74020823004462066 -0.69657907783837381 -0.73227565691621221 -0.72632622706990579 -0.72632622706990579 -0.71442736737729295 -0.73029251363411007 -0.73227565691621221 -0.71641051065939521 -0.7114526524541398 -0.70451165096678237 -0.69558750619732268 -0.71839365394149723 -0.69856222112047595 -0.72037679722359949 -0.71541893901834408 -0.69162121963311851 -0.72235994050570151 -0.70451165096678237 -0.73425880019831435 -0.70946950917203766 -0.69558750619732268 -0.70153693604362921 -0.70847793753098665 -0.71442736737729295 -0.68666336142786322 -0.70847793753098665 -0.70946950917203766 -0.71046108081308867 -0.70847793753098665 -0.71046108081308867 -0.68368864650470995 -0.6757560733763015 -0.68368864650470995 -0.69558750619732268 -0.70054536440257809 -0.70153693604362921 -0.69856222112047595 -0.69459593455627167 -0.70252850768468023 -0.69162121963311851 -0.72335151214675264 -0.70451165096678237 -0.70748636588993552 -0.69955379276152696 -0.69955379276152696 -0.70352007932573124 -0.72731779871095692 -0.69558750619732268 -0.68269707486365894 -0.68468021814576097 -0.68666336142786322 -0.6906296479920675 -0.69757064947942493 -0.69757064947942493 -0.68567178978681209 -0.70847793753098665 -0.69856222112047595 -0.70748636588993552 -0.69657907783837381 -0.72136836886465039 -0.69558750619732268 -0.70153693604362921 -0.70451165096678237 -0.73029251363411007 -0.71442736737729295 -0.74417451660882494 -0.72235994050570151 -0.71839365394149723 -0.69558750619732268 -0.76400594942984634 0.06593951412989596 0.5399107585523053 0.2860684184432325 0.25334655428854735 0.30094199305899849 0.30094199305899849 0.31680713931581561 0.31482399603371336 0.24739712444224105 0.2503718393653942 0.23648983639067933 0.24243926623698564 0.26722855726326222 0.29995042141794737 0.29003470500743678 0.2910262766484879 0.26425384234010907 0.26326227069905794 0.28408527516113047 0.27714427367377303 0.27912741695587506 0.26524541398116019 0.26227069905800704 0.27218641546851763 0.26524541398116019 0.29895884977689646 0.27714427367377303 0.25929598413485366 0.28111056023797709 0.26127912741695591 0.25334655428854735 0.27516113039167078 0.27218641546851763 0.2662369856222111 0.25136341100644533 0.26425384234010907 0.25731284085275163 0.28111056023797709 0.29300941993058993 0.2910262766484879 0.24541398116013879 0.26425384234010907 0.28309370352007934 0.26722855726326222 0.27317798710956875 0.2503718393653942 0.27615270203272191 0.27317798710956875 0.27813584531482394 0.25830441249380276 0.26127912741695591 0.93753098661378287 1.3748140803173028 1.1883986117997027 1.2171541893901834 1.2300446207238473 1.1993058998512645 1.2250867625185919 1.1893901834407536 1.2012890431333663 1.1804660386712942 1.1685671789786811 1.1963311849281109 1.2161626177491325 1.2171541893901834 1.2171541893901834 1.1874070401586514 1.2102131879028262 1.2022806147744176 1.2022806147744176 1.1963311849281109 1.2102131879028262 1.2032721864154685 1.2042637580565194 1.1864154685176005 1.2062469013386217 1.1883986117997027 1.2072384729796726 1.1983143282102131 1.2112047595438771 1.2052553296975708 1.1854238968765491 1.1874070401586514 1.1784828953891919 1.2002974714923154 1.2042637580565194 1.1794744670302428 1.1933564700049577 1.2072384729796726 1.2012890431333663 1.2231036192364897 1.2102131879028262 1.1883986117997027 1.1983143282102131 1.2002974714923154 1.2092216162617748 1.2102131879028262 1.1893901834407536 1.224095190877541 1.2052553296975708 1.1903817550818045 1.1973227565691622 1.1576598909271194 1.1804660386712942 1.1665840356965789 1.1784828953891919 1.1536936043629153 1.1685671789786811 1.1695587506197325 1.1735250371839365 1.1864154685176005 1.1675756073376302 1.1774913237481406 1.1784828953891919 1.1705503222607834 1.1735250371839365 1.1636093207734257 1.1834407535944473 1.19533961328706 1.1636093207734257 1.1874070401586514 1.1844323252354982 1.2072384729796726 1.1814576103123451 1.1794744670302428 1.1913733267228559 1.1467526028755577 1.1616261774913239 1.1745166088249874 1.1735250371839365 1.1328705999008428 1.1774913237481406 1.1804660386712942 1.1814576103123451 1.1854238968765491 1.1973227565691622 1.2002974714923154 1.1933564700049577 1.2102131879028262 1.1923648983639068 1.1903817550818045 1.1993058998512645 1.1745166088249874 1.1705503222607834 1.2102131879028262 1.2161626177491325 1.1883986117997027 1.1963311849281109 1.1586514625681708 1.1794744670302428 1.1646008924144771 1.1665840356965789 1.1834407535944473 1.1646008924144771 1.1715418939018343 1.1794744670302428 1.1636093207734257 1.1794744670302428 1.1844323252354982 1.1844323252354982 1.1903817550818045 1.1685671789786811 1.1764997521070897 1.1844323252354982 1.1735250371839365 1.1864154685176005 1.1963311849281109 1.1764997521070897 1.1893901834407536 1.1665840356965789 1.1596430342092217 1.2042637580565194 1.165592464055528 1.1764997521070897 1.1814576103123451 1.1913733267228559 1.2102131879028262 1.1804660386712942 1.1804660386712942 1.1675756073376302 1.1834407535944473 1.1913733267228559 1.2102131879028262 1.1943480416460091 1.1943480416460091 1.182449181953396 1.1596430342092217 1.2062469013386217 1.1774913237481406 1.1705503222607834 1.1784828953891919 1.1883986117997027 1.1864154685176005 1.212196331184928 1.19533961328706 1.1903817550818045 1.2092216162617748 1.1784828953891919 1.19533961328706 1.2022806147744176 1.2062469013386217 1.2062469013386217 1.1735250371839365 1.2032721864154685 1.1784828953891919 1.1834407535944473 1.1973227565691622 1.2092216162617748 1.2002974714923154 1.1933564700049577 1.2032721864154685 1.1566683192860685 1.1983143282102131 1.1973227565691622 1.2102131879028262 1.2022806147744176 1.1893901834407536 1.2201289043133365 1.2062469013386217 1.2022806147744176 1.2072384729796726 1.1993058998512645 1.1913733267228559 1.1893901834407536 1.1715418939018343 1.2191373326722856 1.2002974714923154 1.2181457610312343 1.2131879028259793 1.1923648983639068 1.1864154685176005 1.1903817550818045 1.2290530490827964 1.2002974714923154 1.2270699058006942 1.1973227565691622 1.2191373326722856 1.1963311849281109 1.2201289043133365 1.2062469013386217 1.1933564700049577 1.212196331184928 1.1993058998512645 1.2032721864154685 1.2131879028259793 1.2082300446207239 1.2032721864154685 1.2201289043133365 1.2032721864154685 1.2151710461080811 1.2002974714923154 1.2072384729796726 1.2211204759543879 1.2112047595438771 1.2072384729796726 1.2211204759543879 1.2201289043133365 1.2171541893901834 1.2191373326722856 1.2112047595438771 1.2072384729796726 1.2112047595438771 1.2439266236985622 1.2171541893901834 1.2270699058006942 1.2112047595438771 1.2498760535448685 1.2092216162617748 1.2270699058006942 1.2290530490827964 1.2270699058006942 1.2270699058006942 1.2072384729796726 1.2340109072880514 1.2092216162617748 1.2092216162617748 1.2359940505701537 1.2449181953396131 1.2399603371343582 1.2399603371343582 1.2151710461080811 1.2379771938522559 1.2449181953396131 1.2330193356470005 1.2478929102627663 1.2201289043133365 1.2181457610312343 1.2389687654933068 1.224095190877541 1.2340109072880514 1.2201289043133365 1.2211204759543879 1.2270699058006942 1.2607833415964302 1.2320277640059496 1.2449181953396131 1.2359940505701537 1.2498760535448685 1.2568170550322262 1.2439266236985622 1.2359940505701537 1.2231036192364897 1.24194348041646 1.2369856222112046 1.2290530490827964 1.2350024789291028 1.2379771938522559 1.2578086266732771 1.2300446207238473 1.2488844819038176 1.2092216162617748 1.2379771938522559 1.2399603371343582 1.2201289043133365 1.2211204759543879 1.2350024789291028 1.2439266236985622 1.2498760535448685 1.2191373326722856 1.2478929102627663 1.2548339117501239 1.2300446207238473 1.2597917699553793 1.2359940505701537 1.2231036192364897 1.253842340109073 