# Created by Octave 5.1.0, Thu Jan 02 00:26:00 2020 CET <msboss@msboss-hp>
# name: decoded_data
# type: global matrix
# rows: 1
# columns: 4096
 -0.68071393158155669 -0.6757560733763015 -0.67972235994050578 -0.68269707486365894 -0.67674764501735252 -0.67278135845314824 -0.6658403569657908 -0.66286564204263754 -0.67773921665840353 -0.67178978681209722 -0.67773921665840353 -0.6757560733763015 -0.68368864650470995 -0.66782350024789294 -0.6707982151710461 -0.67476450173525038 -0.66683192860684182 -0.67377293009419925 -0.6658403569657908 -0.66286564204263754 -0.68170550322260781 -0.67377293009419925 -0.67178978681209722 -0.67476450173525038 -0.6658403569657908 -0.66683192860684182 -0.67178978681209722 -0.67773921665840353 -0.66683192860684182 -0.66187407040158652 -0.67178978681209722 -0.66088249876053551 -0.67873078829945466 -0.65790778383738224 -0.6707982151710461 -0.65790778383738224 -0.66881507188894396 -0.67972235994050578 -0.66782350024789294 -0.66484878532473979 -0.66782350024789294 -0.66782350024789294 -0.6757560733763015 -0.67476450173525038 -0.67278135845314824 -0.66881507188894396 -0.6707982151710461 -0.66385721368368866 -0.67674764501735252 -0.66286564204263754 -0.66980664352999497 -0.6707982151710461 -0.66484878532473979 -0.6658403569657908 -0.6707982151710461 -0.6559246405552801 -0.66980664352999497 -0.6559246405552801 -0.66980664352999497 -0.66484878532473979 -0.6658403569657908 -0.66088249876053551 -0.66088249876053551 -0.6658403569657908 -0.67674764501735252 -0.66088249876053551 -0.66187407040158652 -0.6658403569657908 -0.66683192860684182 -0.67674764501735252 -0.68666336142786322 -0.68368864650470995 -0.68468021814576097 -0.68170550322260781 -0.67178978681209722 -0.6707982151710461 -0.74318294496777393 0.12047595438770453 0.56668319286068414 0.30391670798215165 0.2711948438274665 0.32275656916212192 0.3465542885473476 0.35944471988101134 0.34556271690629647 0.29201784828953903 0.28705999008428362 0.27813584531482394 0.28904313336638565 0.31383242439266246 0.32771442736737733 0.32771442736737733 0.31879028259791764 0.31284085275161133 0.30490827962320277 0.30292513634110074 0.28805156172533475 0.3058998512642539 0.3068914229053048 0.30490827962320277 0.32077342588001989 0.31879028259791764 0.3068914229053048 0.31383242439266246 0.30391670798215165 0.30788299454635593 0.3068914229053048 0.31184928111056021 0.30490827962320277 0.30490827962320277 0.30193356470004962 0.29201784828953903 0.29598413485374309 0.3068914229053048 0.30193356470004962 0.29697570649479421 0.30292513634110074 0.29995042141794737 0.31085770946950908 0.29499256321269218 0.30490827962320277 0.30193356470004962 0.30788299454635593 0.29499256321269218 0.31581556767476449 0.29697570649479421 0.31779871095686674 0.30887456618740705 0.95339613287059999 1.3857213683688645 1.2211204759543879 1.2439266236985622 1.2409519087754091 1.2498760535448685 1.2449181953396131 1.2399603371343582 1.2379771938522559 1.2290530490827964 1.224095190877541 1.2379771938522559 1.2379771938522559 1.2369856222112046 1.2498760535448685 1.2498760535448685 1.24194348041646 1.2369856222112046 1.2310361923648983 1.2320277640059496 1.2290530490827964 1.2270699058006942 1.2508676251859199 1.2469013386217154 1.2399603371343582 1.2409519087754091 1.2389687654933068 1.2290530490827964 1.2250867625185919 1.2260783341596428 1.2409519087754091 1.2359940505701537 1.2469013386217154 1.2231036192364897 1.2270699058006942 1.2231036192364897 1.2300446207238473 1.2389687654933068 1.2290530490827964 1.2350024789291028 1.2340109072880514 1.24194348041646 1.2369856222112046 1.2449181953396131 1.2409519087754091 1.2449181953396131 1.2439266236985622 1.2320277640059496 1.2300446207238473 1.2191373326722856 1.2171541893901834 1.1596430342092217 1.2211204759543879 1.212196331184928 1.2161626177491325 1.2151710461080811 1.2112047595438771 1.2161626177491325 1.1913733267228559 1.2032721864154685 1.2250867625185919 1.2082300446207239 1.2032721864154685 1.2082300446207239 1.2042637580565194 1.2102131879028262 1.2042637580565194 1.2112047595438771 1.1993058998512645 1.2052553296975708 1.2052553296975708 1.2161626177491325 1.2131879028259793 1.2161626177491325 1.2112047595438771 1.1963311849281109 1.1933564700049577 1.1943480416460091 1.2022806147744176 1.2032721864154685 1.2181457610312343 1.2221120475954388 1.2171541893901834 1.2191373326722856 1.2221120475954388 1.2181457610312343 1.2201289043133365 1.2082300446207239 1.2250867625185919 1.2161626177491325 1.2270699058006942 1.2131879028259793 1.2112047595438771 1.2191373326722856 1.2131879028259793 1.2082300446207239 1.2191373326722856 1.2151710461080811 1.2092216162617748 1.2221120475954388 1.2131879028259793 1.2211204759543879 1.2181457610312343 1.2191373326722856 1.212196331184928 1.2042637580565194 1.2161626177491325 1.2270699058006942 1.2171541893901834 1.2052553296975708 1.2032721864154685 1.2221120475954388 1.224095190877541 1.2102131879028262 1.1993058998512645 1.2161626177491325 1.2161626177491325 1.2082300446207239 1.2112047595438771 1.2181457610312343 1.2221120475954388 1.2171541893901834 1.2112047595438771 1.2151710461080811 1.2161626177491325 1.2112047595438771 1.2052553296975708 1.2181457610312343 1.2171541893901834 1.2270699058006942 1.2191373326722856 1.2171541893901834 1.2052553296975708 1.2280614774417451 1.2250867625185919 1.2221120475954388 1.2250867625185919 1.2260783341596428 1.2260783341596428 1.2290530490827964 1.2320277640059496 1.2161626177491325 1.2340109072880514 1.2340109072880514 1.2340109072880514 1.2330193356470005 1.2280614774417451 1.2399603371343582 1.2250867625185919 1.2290530490827964 1.2290530490827964 1.2250867625185919 1.2350024789291028 1.2300446207238473 1.2300446207238473 1.2201289043133365 1.2270699058006942 1.2290530490827964 1.2399603371343582 1.2300446207238473 1.2389687654933068 1.2399603371343582 1.2330193356470005 1.2369856222112046 1.2459097669806645 1.2300446207238473 1.2399603371343582 1.2330193356470005 1.24194348041646 1.2350024789291028 1.2379771938522559 1.2330193356470005 1.2469013386217154 1.2399603371343582 1.2369856222112046 1.2409519087754091 1.2429350520575113 1.2548339117501239 1.2439266236985622 1.2359940505701537 1.2449181953396131 1.2429350520575113 1.2399603371343582 1.2429350520575113 1.2478929102627663 1.2459097669806645 1.2508676251859199 1.2488844819038176 1.2449181953396131 1.2409519087754091 1.2478929102627663 1.2350024789291028 1.2528507684680217 1.2399603371343582 1.2300446207238473 1.2389687654933068 1.2330193356470005 1.2469013386217154 1.2429350520575113 1.24194348041646 1.2548339117501239 1.2498760535448685 1.2459097669806645 1.2498760535448685 1.2528507684680217 1.2439266236985622 1.2518591968269708 1.2508676251859199 1.2379771938522559 1.2528507684680217 1.2488844819038176 1.2459097669806645 1.2439266236985622 1.2498760535448685 1.2478929102627663 1.253842340109073 1.2647496281606347 1.253842340109073 1.2449181953396131 1.2508676251859199 1.2498760535448685 1.2498760535448685 1.2568170550322262 1.2607833415964302 1.2478929102627663 1.2578086266732771 1.2657411998016856 1.2469013386217154 1.2558254833911748 1.2607833415964302 1.2706990580069411 1.2617749132374816 1.2647496281606347 1.258800198314328 1.2627664848785325 1.2518591968269708 1.2488844819038176 1.2558254833911748 1.2568170550322262 1.2657411998016856 1.253842340109073 1.2449181953396131 1.2667327714427365 1.2746653445711451 1.2697074863658901 1.2667327714427365 1.2627664848785325 1.2736737729300942 1.2617749132374816 1.2697074863658901 1.2786316311353496 1.2597917699553793 1.2796232027764005 1.2528507684680217 1.271690629647992 1.2706990580069411 1.2578086266732771 1.2726822012890433 1.2617749132374816 1.2647496281606347 1.2657411998016856 1.2726822012890433 1.2677243430837879 1.2677243430837879 1.2736737729300942 1.2568170550322262 1.2617749132374816 1.2667327714427365 1.2736737729300942 1.2617749132374816 1.258800198314328 1.2578086266732771 1.2726822012890433 1.2637580565195834 1.2627664848785325 1.2756569162121965 