# Created by Octave 5.1.0, Sun Jan 26 15:50:30 2020 CET <msboss@msboss-hp>
# name: decoded_data
# type: global matrix
# rows: 1
# columns: 4096
 -0.51569506726457393 -0.5107125062282013 -0.52267065271549584 -0.52366716492277032 -0.51968111609367207 -0.51768809167912311 -0.51968111609367207 -0.51569506726457393 -0.51370204285002496 -0.51968111609367207 -0.51569506726457393 -0.51569506726457393 -0.51868460388639759 -0.52366716492277032 -0.51669157947184852 -0.52067762830094666 -0.52067762830094666 -0.50871948181365223 -0.52167414050822125 -0.50572994519182868 -0.52067762830094666 -0.51768809167912311 -0.52167414050822125 -0.51170901843547578 -0.51170901843547578 -0.51469855505729945 -0.52366716492277032 -0.5246636771300448 -0.52665670154459399 -0.52366716492277032 -0.52067762830094666 -0.51270553064275037 -0.5246636771300448 -0.52366716492277032 -0.5246636771300448 -0.51968111609367207 -0.51569506726457393 -0.52566018933731939 -0.52765321375186847 -0.51968111609367207 -0.52864972595914295 -0.52964623816641754 -0.53562531141006475 -0.52765321375186847 -0.53562531141006475 -0.52067762830094666 -0.53363228699551568 -0.53462879920279027 -0.53562531141006475 -0.53562531141006475 -0.53263577478824109 -0.52665670154459399 -0.53662182361733923 -0.53961136023916301 -0.54060787244643749 -0.53462879920279027 -0.54758345789735929 -0.54957648231190825 -0.53961136023916301 -0.54060787244643749 -0.54758345789735929 -0.53961136023916301 -0.53961136023916301 -0.54160438465371197 -0.53861484803188842 -0.53363228699551568 -0.53961136023916301 -0.53562531141006475 -0.54359740906826115 -0.54160438465371197 -0.54758345789735929 -0.53462879920279027 -0.5465869456900847 -0.54260089686098656 -0.53363228699551568 -0.53861484803188842 -0.54260089686098656 -0.53562531141006475 -0.54160438465371197 -0.54060787244643749 -0.5535625311410064 -0.53462879920279027 -0.54758345789735929 -0.54160438465371197 -0.53861484803188842 -0.54160438465371197 -0.53363228699551568 -0.52765321375186847 -0.53363228699551568 -0.52366716492277032 -0.53662182361733923 -0.53163926258096661 -0.53961136023916301 -0.53163926258096661 -0.52964623816641754 -0.53861484803188842 -0.5465869456900847 -0.53163926258096661 -0.54060787244643749 -0.53363228699551568 -0.53064275037369213 -0.52765321375186847 -0.54160438465371197 -0.53861484803188842 -0.52665670154459399 -0.53163926258096661 -0.53363228699551568 -0.54758345789735929 -0.53861484803188842 -0.5246636771300448 -0.53662182361733923 -0.53562531141006475 -0.54459392127553563 -0.55754857997010465 -0.57050323866467356 -0.58744394618834073 -0.59441953163926264 -0.59441953163926264 -0.5685102142501246 -0.51370204285002496 -0.43099152964623821 -0.29347284504235172 -0.15495764823119085 -0.022421524663677084 0.10812157448928739 0.24265072247135033 0.34030891878425518 0.42800199302441455 0.51469855505729956 0.60039860488290975 0.67613353263577469 0.72496263079222723 0.74788241155954149 0.75186846038863986 0.74190333831589439 0.70901843547583465 0.6900847035376183 0.66716492277030404 0.64424514200298955 0.61335326357747877 0.57847533632286985 0.54160438465371197 0.50672645739910305 0.49476831091180862 0.46387643248629806 0.4469357249626309 0.44294967613353253 0.44593921275535631 0.44095665171898357 0.43298455406078729 0.43597409068261084 0.42301943198804182 0.42002989536621826 0.42102640757349286 0.41803687095166908 0.42700548081713996 0.42102640757349286 0.43398106626806188 0.4309915296462381 0.42800199302441455 0.43198804185351269 0.43996013951170898 0.44593921275535631 0.45590433482810155 0.45789735924265074 0.46387643248629806 0.46885899352267058 0.47882411559541604 0.49177877428998507 0.4818136522172396 0.48779272546088692 0.48480318883906337 0.49078226208271047 0.4967613353263578 0.4967613353263578 0.49476831091180862 0.48779272546088692 0.49377179870453403 0.49875435974090676 0.49775784753363239 0.50772296960637764 0.5027404085700049 0.50572994519182868 0.50473343298455409 0.50572994519182868 0.50473343298455409 0.50572994519182868 0.50871948181365223 0.49277528649725966 0.50074738415545594 0.49476831091180862 0.50672645739910305 0.48978574987543588 0.48779272546088692 0.48579970104633774 0.49078226208271047 0.48380667663178878 0.47683109118086686 0.47683109118086686 0.46786248131539621 0.46188340807174888 0.46287992027902347 0.46188340807174888 0.45092177379172904 0.452914798206278 0.45590433482810155 0.44195316392625816 0.44992526158445445 0.44095665171898357 0.42700548081713996 0.43796711509716002 0.42999501743896373 0.4309915296462381 0.43896362730443439 0.43398106626806188 0.43597409068261084 0.42202291978076723 0.425012456402591 0.42202291978076723 0.42700548081713996 0.43198804185351269 0.42700548081713996 0.425012456402591 0.4309915296462381 0.42999501743896373 0.41803687095166908 0.42700548081713996 0.42899850523168914 0.42800199302441455 0.43497757847533625 0.42999501743896373 0.42899850523168914 0.44195316392625816 0.43497757847533625 0.43996013951170898 0.43896362730443439 0.44195316392625816 0.45191828599900341 0.45490782262082718 0.4469357249626309 0.44494270054808172 0.45889387144992533 0.4469357249626309 0.452914798206278 0.45690084703537615 0.46487294469357243 0.45789735924265074 0.4598903836571997 0.46586945690084702 0.46686596910812161 0.46287992027902347 0.46387643248629806 0.47384155455904331 0.47284504235176872 0.47184853014449435 0.46985550572994517 0.47683109118086686 0.4748380667663179 0.47982062780269064 0.46487294469357243 0.47683109118086686 0.4748380667663179 0.45690084703537615 0.46387643248629806 0.46686596910812161 0.46686596910812161 0.46985550572994517 0.47284504235176872 0.47284504235176872 0.46885899352267058 0.46985550572994517 0.47683109118086686 0.46686596910812161 0.47085201793721976 0.47384155455904331 0.47882411559541604 0.45889387144992533 0.46586945690084702 0.47085201793721976 0.47184853014449435 0.46287992027902347 0.45391131041355259 0.46287992027902347 0.4598903836571997 0.46088689586447429 0.45789735924265074 0.45391131041355259 0.44992526158445445 0.45690084703537615 0.45690084703537615 0.46287992027902347 0.452914798206278 0.45092177379172904 0.46487294469357243 0.45490782262082718 0.44992526158445445 0.44992526158445445 0.46188340807174888 0.45889387144992533 0.46088689586447429 0.46786248131539621 0.45590433482810155 0.46487294469357243 0.45889387144992533 0.45490782262082718 0.45789735924265074 0.44494270054808172 0.45789735924265074 0.45191828599900341 0.45889387144992533 0.45789735924265074 0.4469357249626309 0.45690084703537615 0.4469357249626309 0.45490782262082718 0.44793223716990527 0.45490782262082718 0.44793223716990527 0.45690084703537615 0.45889387144992533 0.44992526158445445 0.44892874937717986 0.45092177379172904 0.45191828599900341 0.45092177379172904 0.452914798206278 0.4469357249626309 0.44095665171898357 0.44892874937717986 0.44294967613353253 0.45391131041355259 0.45191828599900341 0.452914798206278 0.4598903836571997 0.45391131041355259 0.45590433482810155 0.45191828599900341 0.45391131041355259 0.45391131041355259 0.44992526158445445 0.45092177379172904 0.44992526158445445 0.46287992027902347 0.45490782262082718 0.45889387144992533 0.45690084703537615 0.46088689586447429 0.45590433482810155 0.46088689586447429 0.45889387144992533 0.45889387144992533 0.4598903836571997 0.45490782262082718 0.45889387144992533 0.45590433482810155 0.46188340807174888 0.45590433482810155 0.45889387144992533 0.46586945690084702 0.45889387144992533 0.46686596910812161 0.4598903836571997 0.4598903836571997 0.46188340807174888 0.46088689586447429 0.47384155455904331 0.44892874937717986 0.45391131041355259 0.452914798206278 0.45789735924265074 0.45590433482810155 0.45690084703537615 0.46586945690084702 0.44892874937717986 0.46287992027902347 0.45889387144992533 0.44892874937717986 0.45590433482810155 0.47085201793721976 0.47284504235176872 0.46287992027902347 0.44294967613353253 0.44992526158445445 0.45889387144992533 0.45889387144992533 0.45789735924265074 0.45191828599900341 0.45490782262082718 