# Created by Octave 5.1.0, Sat Feb 01 19:34:58 2020 CET <msboss@msboss-hp>
# name: refl
# type: matrix
# rows: 1
# columns: 4096
 0.0036950714723521386 0.0070883546025330302 0.0097224340781348478 0.011214058341064644 0.011303913256690848 0.0098897330158669548 0.0070386787675827921 0.0029780039338691061 -0.0019339145840576661 -0.0072515334172957501 -0.012494718977107459 -0.017202880760379388 -0.020983943594087444 -0.023552667819494805 -0.024754664126337391 -0.024574565705829689 -0.023128883550529049 -0.020645804004271448 -0.017435403972848835 -0.01385437696791408 -0.010269401718560169 -0.0070228440625636265 -0.0044037116233415297 -0.0026258451984792919 -0.0018143830337489816 -0.0020006907661716984 -0.0031252799836389653 -0.0050477629097373288 -0.0075625902730797638 -0.010419148688164494 -0.013344698928929288 -0.016068571243950659 -0.018345972900661055 -0.019979708462025625 -0.020838094114992569 -0.020867412957547061 -0.020097465064275854 -0.018639162208293026 -0.016673725183566062 -0.014433846502369913 -0.012178122375455958 -0.010161030698111681 -0.0086015975811757021 -0.0076544994909686047 -0.0073875459833437291 -0.0077691701773804347 -0.0086686728880080218 -0.0098705546149266583 -0.011102449301509294 -0.012074151134354861 -0.012523271998179082 -0.012261486642679733 -0.01121440970409256 -0.0094481414206350096 -0.0071765535337299105 -0.0047454623633797956 -0.0025927939633512563 -0.0011873722590920992 -0.00095261026550133555 -0.0021846302602343865 -0.0049766408502049195 -0.0091622827450492383 -0.014289792495104956 -0.019636111465662062 -0.024265633627675795 -0.027132560495051122 -0.027219478907367541 -0.023698636210072961 -0.016097366541112101 -0.0044460720194862205 0.010613258144492018 0.027777453200048034 0.045105474774348155 0.060120698882430823 0.069988733373211792 0.071757455499608991 0.062637009790904585 0.040290792084794858 0.0031050222190796284 -0.049594967080645383 -0.11740898987391343 -0.19882582353123754 -0.29129464646422798 -0.39139989495047744 -0.49512332725000685 -0.59816689781440224 -0.69630301203214784 -0.78571575101746349 -0.86329806892992345 -0.92687551859920014 -0.97533595491406511 -1.0086556827144435 -1.0278242088705811 -1.0346806584312547 -1.0316837349703663 -1.0216429021432758 -1.0074407392333589 -0.9917751571933654 -0.97694577178164932 -0.96470198114333361 -0.95616216695901601 -0.95180498406894165 -0.95152591314439172 -0.95474594016017666 -0.9605549606726288 -0.96787056494196266 -0.97559323408102205 -0.98274140518346531 -0.98855388199627237 -0.99255208274049256 -0.99455997683896913 -0.99468463308746224 -0.9932645322244803 -0.99079577392702944 -0.98784779477366025 -0.98498016571884051 -0.98267059939835488 -0.98126177409173498 -0.98093139067266721 -0.98168649159839294 -0.98337994217853053 -0.98574448183961116 -0.98843814902794602 -0.99109426805735501 -0.99336950773244115 -0.99498460071118489 -0.99575388688795119 -0.99560162219560688 -0.99456470888012682 -0.99278295283453777 -0.99047902437332402 -0.98793096588520213 -0.98544039783825066 -0.98329960650185078 -0.98176053880134273 -0.98100844345252203 -0.98114250534247716 -0.9821653081235262 -0.98398229611957555 -0.98641156808856867 -0.98920333617063361 -0.9920672929724067 -0.99470507572904598 -0.99684416818476262 -0.99826911671073426 -0.99884600287549208 -0.99853678196987927 -0.99740133444593737 -0.99558674123220248 -0.99330514407458148 -0.99080328975793641 -0.98832817969205655 -0.98609390658546836 -0.98425461715857299 -0.98288759235632595 -0.98198882710836755 -0.98148148476698915 -0.98123553581181555 -0.98109511752622192 -0.98090897026192492 -0.98055890940479462 -0.97998173330157978 -0.97918115300693354 -0.97822804104828398 -0.97724923227673055 -0.97640694273210871 -0.97587230648417345 -0.97579735062290229 -0.97628983250469858 -0.9773947710246752 -0.97908534570322248 -0.98126432544932873 -0.98377557539428107 -0.98642372507936738 -0.98899897343194321 -0.99130339518104316 -0.99317505582215881 -0.9945067100055085 -0.9952567510367597 -0.99545124519931316 -0.99517714601673057 -0.9945679630190033 -0.99378410387403571 -0.99299070715551685 -0.99233597834397602 -0.99193283345363936 -0.99184609482113828 -0.9920866653942455 -0.99261315065187905 -0.9933404289466452 -0.9941538110880811 -0.99492677550014319 -0.99553988163534057 -0.99589838100345729 -0.99594625674146076 -0.99567489348831439 -0.99512525050641487 -0.9943832076966459 -0.99356859250477314 -0.99281918861814245 -0.99227168977318192 -0.99204201650673318 -0.99220759704845474 -0.99279408459831842 -0.99376853135701948 -0.99504029229334345 -0.99646995828040608 -0.99788552894518878 -0.9991039718378345 -0.99995543254014074 -1.0003068081205793 -1.0000812880412018 -0.99927085860435871 -0.99793964095572041 -0.99621718984591656 -0.99428235007000731 -0.99233972934341563 -0.99059206390262466 -0.98921251357723039 -0.98832107617162723 -0.98796879945711513 -0.98813234471613887 -0.98871987702372854 -0.98958746767502614 -0.99056348367966518 -0.99147709694767738 -0.99218630881694303 -0.99260089590032019 -0.99269645946047347 -0.99251719046720921 -0.99216681871088208 -0.99178919055246684 -0.99154168237065465 -0.99156590194116545 -0.99196063796161293 -0.99276169234103329 -0.99393211655528735 -0.9953646542893908 -0.99689615563885858 -0.99833171801912324 -0.99947466763935322 -1.0001575029033019 -1.0002687466561597 -0.99977132693503068 -0.99870950986712714 -0.99720330291607973 -0.99543130832881033 -0.99360488525979285 -0.99193785835987591 -0.99061666244559921 -0.98977563584987671 -0.98948121110968512 -0.98972717748328298 -0.99044128509881479 -0.991501558467767 -0.99275911574797349 -0.9940633153077737 -0.99528483036455351 -0.99633280841631777 -0.99716349002904103 -0.99777931073285819 -0.99821928625716394 -0.99854306260785208 -0.99881211565962225 -0.99907201721960071 -0.99933937719780563 -0.99959609124873361 -0.9997920587739183 -0.99985586301523954 -0.99971133458306261 -0.99929674256181067 -0.99858278993441829 -0.99758573636981362 -0.99637280450728116 -0.99505839384533423 -0.99379128081504786 -0.9927346254828231 -0.99204193926130679 -0.99183295568027674 -0.99217344859595491 -0.99306244310592284 -0.9944290720130452 -0.99613975615173977 -0.99801470530815717 -0.99985123689155386 -1.0014503438028828 -1.0026424824325613 -1.0033087593455443 -1.0033945176351426 -1.0029136043730349 -1.0019431094740758 -1.0006098436093558 -0.99907102426424432 -0.99749237786332645 -0.99602704288517452 -0.99479827608183669 -0.99388811978569114 -0.99333305616569345 -0.99312646822633632 -0.99322666185178421 -0.99356845440271602 -0.99407601046174654 -0.99467472585439665 -0.99530046299127573 -0.99590519069646311 -0.99645890726423658 -0.99694845094655604 -0.99737428545288942 -0.99774650966906875 -0.99808117820154463 -0.99839760516974729 -0.99871678691639132 -0.99906057396184833 -0.9994508903583299 -0.9999082345833642 -1.0004489245138029 -1.0010810159126533 -1.0017994082921942 -1.0025811937515825 -1.0033826421663394 -1.0041392277502748 -1.0047697369486741 -1.0051847939323808 -1.0052992213542569 -1.0050467067514017 -1.0043944792613497 -1.0033553056266151 -1.0019942125852974 -1.0004279634030275 -0.99881638213822255 -0.99734595798871339 -0.99620753783711158 -0.99557107330728423 -0.99556110542009546 -0.99623679599909165 -0.99757980503114041 -0.99949223539468512 -1.0018053903391706 -1.0042984552182965 -1.0067246913711891 -1.0088415655470944 -1.0104406201148362 -1.0113729128588125 -1.0115665104730394 -1.0110336963804738 -1.0098670612716276 -1.0082252474903626 -1.0063105723446577 -1.0043418474144996 -1.0025262896851836 -1.0010344166611298 -0.99998125121010339 -0.99941613462231427 -0.9993221239304475 -0.99962453477856505 -1.0002068933577475 -1.0009315655895674 -1.0016617746030581 -1.0022816666905838 -1.0027115336635277 -1.0029161651661582 -1.0029054473368042 -1.0027275649193266 -1.0024563114744591 -1.0021748924792826 -1.0019590875368207 -1.001862652111591 -1.0019073907861666 -1.002079499983507 -1.0023326956874508 -1.0025974868457732 -1.0027949146073936 -1.0028523192810042 -1.0027183434246218 